435 687 447 669 464 646 481 627 493 613 467 671 471 656 473 647 476 639 453 686 424 653 406 631 394 614 433 694 403 659 388 635 379 617 411 696 387 670 376 652 369 637 
456 695 471 669 479 643 486 621 491 599 457 682 422 655 403 637 388 621 434 699 398 660 380 638 366 624 419 706 386 671 371 647 360 630 405 706 378 681 364 661 354 643 
463 698 477 670 485 644 489 620 490 601 456 680 421 659 400 641 384 627 436 696 402 664 383 638 372 619 422 704 389 672 374 649 365 631 410 707 384 682 371 663 363 648 
450 705 467 678 478 649 486 621 491 599 454 680 425 661 407 646 393 635 434 693 404 663 386 639 374 620 418 700 388 671 373 647 364 629 404 704 380 680 368 661 360 645 
441 705 460 678 475 648 486 620 489 599 457 675 444 658 436 648 431 637 439 690 408 658 389 636 378 618 421 700 389 664 374 642 367 625 405 704 378 678 366 659 360 644 
441 726 455 688 471 650 481 617 479 596 463 675 477 653 483 631 487 614 448 692 415 658 394 635 380 619 428 703 391 666 376 643 368 626 410 708 377 678 366 660 362 646 
436 723 456 687 474 648 483 617 483 594 461 674 470 652 471 634 472 618 445 691 413 657 394 634 380 617 425 702 389 664 375 643 367 626 406 707 376 676 366 659 360 643 
433 727 454 691 470 651 477 618 479 593 461 674 473 646 478 624 479 606 445 691 412 654 392 632 378 617 425 703 389 662 374 643 365 628 406 708 375 676 364 660 359 645 
433 724 455 687 473 650 482 619 483 595 462 674 471 647 473 625 473 607 444 692 411 656 391 633 378 617 423 703 387 664 373 643 366 628 405 708 374 676 364 659 360 645 
433 721 454 685 472 649 481 618 484 596 461 673 471 649 472 627 472 610 445 691 412 657 392 633 377 617 425 702 389 665 374 643 365 627 407 707 376 679 365 661 360 645 
433 724 454 689 473 652 483 620 487 595 461 675 470 647 470 624 469 606 443 692 411 655 391 632 378 616 424 703 388 663 374 642 366 627 406 708 377 678 366 660 361 645 
433 722 454 687 473 651 483 620 486 595 459 676 462 656 459 640 455 627 442 693 410 659 391 635 377 618 422 703 389 665 374 643 366 628 405 707 376 679 365 661 359 646 
432 727 452 692 468 654 476 622 479 599 460 676 474 646 478 623 479 604 444 693 412 657 391 634 376 618 424 705 389 664 374 644 365 629 406 710 376 679 364 662 358 647 
432 725 452 690 470 654 481 624 486 600 457 677 464 653 467 633 468 616 441 694 408 662 388 638 374 622 422 705 386 668 370 647 361 632 404 710 373 681 361 664 355 649 
433 728 452 694 469 657 480 627 488 605 455 680 459 657 462 640 465 625 440 696 407 664 388 640 373 623 420 706 386 670 370 649 360 633 403 711 374 681 362 664 356 649 
418 683 438 674 457 664 473 652 486 641 441 704 420 692 402 678 387 662 421 713 396 686 378 664 365 643 402 709 378 684 364 664 356 647 385 699 366 681 356 665 350 651 
411 713 434 699 455 685 469 666 480 651 430 706 403 685 384 666 369 649 409 712 384 687 368 664 358 645 395 714 374 685 362 665 354 648 384 712 369 687 360 670 355 654 
412 686 435 678 455 676 472 669 482 660 432 705 434 702 442 700 451 694 409 710 394 698 385 680 378 664 391 706 374 690 366 671 361 654 378 696 363 683 355 668 352 654 
423 699 444 692 464 691 470 685 464 684 440 722 431 715 421 702 415 689 416 722 393 707 380 681 375 661 397 717 376 698 363 675 359 654 385 708 366 694 357 676 356 660 
410 700 430 689 452 688 466 680 475 676 430 718 435 721 435 708 437 692 406 719 390 709 380 683 376 662 386 714 371 698 360 675 359 655 374 705 359 692 352 674 352 659 
411 688 430 683 450 681 464 670 480 662 432 711 429 712 420 708 412 700 406 718 388 703 378 679 374 656 385 717 368 701 359 676 357 654 370 710 354 699 345 682 341 665 
415 693 433 685 454 678 469 665 485 656 435 712 417 696 401 674 391 653 409 720 387 699 377 672 374 648 387 720 367 699 359 673 357 653 371 713 355 696 349 676 349 661 
420 696 442 684 460 668 472 647 486 631 432 697 410 666 395 648 384 631 409 703 383 676 370 653 364 634 391 704 368 679 359 656 355 638 379 701 360 680 354 663 351 650 
437 687 454 673 463 660 468 641 469 624 436 695 413 667 396 649 382 632 414 704 386 674 372 648 363 626 397 705 368 675 358 651 352 630 384 700 364 677 357 657 353 640 
427 688 447 672 459 655 467 634 469 614 437 693 412 660 392 642 377 623 415 703 386 671 370 645 361 622 398 705 369 674 357 648 352 628 385 700 365 676 357 657 351 641 
426 679 445 668 457 656 465 635 473 618 439 682 424 663 411 647 400 632 416 687 392 660 377 632 367 611 398 688 370 663 359 635 352 615 383 686 361 666 353 645 348 630 
423 675 441 664 451 654 461 634 471 614 430 683 408 655 392 635 380 616 410 688 383 660 370 630 364 606 395 688 365 661 356 633 353 611 382 683 360 664 352 643 348 626 
411 659 431 655 444 653 455 643 464 637 423 667 414 654 405 636 396 621 403 668 386 653 373 627 364 608 386 669 367 657 356 632 350 613 372 670 355 661 348 644 344 629 
413 654 425 652 435 654 442 653 445 650 419 668 410 661 403 645 393 631 400 669 385 656 373 633 362 616 383 670 366 657 356 635 349 619 369 670 354 662 347 646 343 632 
413 657 420 657 420 660 412 662 399 663 417 681 400 665 389 646 379 629 401 683 380 663 366 638 355 620 386 681 365 664 353 642 346 626 372 677 355 665 347 649 343 637 
412 665 418 664 420 661 417 659 413 658 411 676 393 652 381 631 369 616 397 680 374 657 360 633 349 616 384 683 361 662 351 641 345 626 373 685 354 669 346 653 343 642 
422 659 406 660 388 660 376 653 366 644 382 676 356 666 346 650 341 637 390 676 364 661 354 641 349 626 399 672 376 655 365 636 357 622 408 664 393 648 383 634 376 623 
425 660 406 665 386 665 370 656 358 646 382 673 356 657 351 637 351 622 390 673 364 654 356 632 353 616 400 669 378 652 368 632 361 617 409 664 399 656 396 646 393 638 
423 662 398 670 374 667 360 656 352 642 372 670 354 645 352 626 355 612 387 670 364 647 358 627 358 610 405 670 384 652 375 637 368 626 421 669 416 667 413 668 411 669 
419 665 396 665 375 657 364 642 357 626 372 671 350 650 348 632 351 619 388 672 364 649 356 628 357 613 405 671 383 652 373 633 369 620 419 669 408 664 403 659 401 657 
421 670 398 670 378 662 367 645 360 627 372 675 349 652 348 634 352 624 389 675 363 651 356 630 357 615 406 672 382 648 373 629 370 617 419 666 404 652 397 644 394 639 
427 670 404 668 381 658 371 638 365 617 383 673 358 648 355 627 357 613 398 677 371 650 361 626 360 610 411 677 386 653 374 634 370 621 423 672 404 657 397 648 396 643 
422 668 398 667 378 655 369 636 362 616 372 673 354 647 352 629 356 618 388 674 368 648 361 629 362 616 405 670 386 646 377 629 373 619 420 662 407 647 402 640 401 636 
425 671 399 664 381 651 373 630 367 608 379 678 357 660 353 642 353 629 397 678 375 654 364 632 358 615 415 674 399 650 386 627 377 612 430 666 420 656 416 653 412 651 
436 667 411 672 388 667 373 655 362 641 387 680 363 661 355 641 354 627 400 676 373 655 361 631 356 614 413 669 390 647 377 624 369 608 424 657 408 644 402 635 397 627 
437 671 412 676 389 671 375 657 366 642 387 681 362 663 354 644 353 630 402 677 378 652 365 628 358 610 417 670 398 644 384 622 373 606 429 661 414 645 407 636 401 629 
441 674 416 676 392 670 377 660 367 645 387 678 362 660 355 641 353 627 402 676 377 653 365 629 359 610 418 671 399 648 386 625 376 607 432 664 418 654 413 648 408 643 
433 694 445 677 448 658 456 638 466 618 425 672 404 647 390 628 381 613 409 682 382 654 369 630 363 611 397 687 369 663 359 642 354 624 389 689 365 670 357 653 353 639 
431 712 447 686 452 658 459 636 468 621 432 671 406 646 388 628 375 613 413 683 385 653 369 630 359 612 398 690 369 662 358 640 352 624 387 694 363 670 354 654 349 641 
435 713 448 684 456 648 463 618 469 599 451 671 449 649 446 636 446 626 432 685 402 652 386 626 377 608 411 694 376 657 364 631 359 613 392 697 363 669 355 650 353 636 
431 721 449 691 457 658 451 633 438 619 450 670 458 631 463 606 468 587 430 684 401 647 383 623 374 610 408 692 375 654 363 629 358 614 391 696 361 665 353 649 352 636 
433 722 450 693 456 662 447 638 429 627 450 669 460 631 466 606 471 587 431 683 403 646 384 623 374 610 410 692 376 655 362 631 357 615 392 696 361 666 352 650 351 636 
432 722 450 692 457 661 450 636 434 624 451 669 461 633 466 608 471 589 433 684 403 649 385 626 375 613 412 694 377 657 363 632 357 615 394 697 363 667 353 650 351 636 
432 722 450 694 457 664 450 641 433 630 451 669 461 632 467 607 471 588 433 684 406 648 387 626 376 612 412 693 379 658 364 634 357 617 394 697 364 667 354 650 351 635 
431 722 449 694 457 662 450 637 435 624 449 670 458 633 463 607 467 588 431 685 404 649 384 626 372 612 410 694 378 657 363 633 356 616 392 698 363 667 353 650 350 636 
432 721 450 692 455 661 445 638 426 626 451 668 460 631 464 606 466 587 432 683 403 647 384 624 373 610 411 693 376 656 362 632 356 616 392 697 362 666 353 650 352 636 
434 721 450 692 456 661 448 637 432 624 450 668 459 631 464 605 468 586 432 683 403 647 384 623 373 609 411 693 377 656 362 632 356 616 393 697 362 666 353 650 351 636 
434 720 452 691 456 660 445 636 426 624 452 663 461 626 465 601 467 581 434 678 405 641 386 617 375 603 413 688 379 652 363 627 357 611 395 693 365 662 356 646 354 633 
436 719 452 690 456 659 447 636 427 626 452 664 461 626 466 600 470 581 434 678 405 640 386 617 375 604 414 688 379 650 364 626 358 610 396 692 365 661 355 646 354 632 
435 717 450 687 455 655 448 630 431 617 452 661 464 624 470 599 475 580 435 676 407 638 388 615 377 601 415 687 380 649 364 625 358 609 397 692 366 661 356 645 354 631 
437 718 452 689 456 659 446 637 429 626 453 662 462 624 468 598 473 579 435 676 407 639 389 616 379 602 414 686 380 648 366 625 360 609 395 691 365 659 356 643 355 629 
436 718 452 688 456 657 447 633 430 621 453 662 463 624 469 599 474 580 436 676 406 637 388 614 377 601 415 686 379 647 364 623 359 607 397 691 366 659 357 643 356 630 
436 716 452 686 458 656 451 632 435 619 455 662 465 625 473 600 479 580 437 676 409 638 391 615 380 600 416 686 382 649 368 624 362 607 397 690 367 659 358 642 356 628 
437 718 453 689 457 658 448 635 432 623 455 662 466 625 473 600 478 581 437 676 410 638 393 614 382 600 415 686 382 648 368 623 362 607 397 690 367 658 358 641 357 628 
438 722 453 693 457 662 447 639 429 628 457 665 467 627 473 602 478 583 438 679 411 641 394 617 384 603 417 688 383 650 369 626 364 610 397 693 367 661 358 645 357 632 
438 721 453 690 458 658 450 634 434 621 455 662 464 625 471 600 476 581 437 678 410 639 392 616 382 602 416 688 383 649 368 625 362 609 397 693 368 661 358 645 356 632 
436 720 452 691 456 661 446 638 428 626 455 663 465 625 471 600 476 581 437 678 410 639 391 615 380 602 416 688 382 649 367 625 361 609 397 692 367 661 357 645 356 631 
436 721 452 692 457 660 449 637 433 623 454 663 465 625 471 600 475 580 436 678 410 639 391 615 380 601 415 689 382 650 367 626 360 610 396 695 367 662 357 646 356 633 
435 721 451 692 455 661 446 638 428 625 455 663 466 625 473 600 477 580 437 678 409 639 390 615 379 601 416 688 382 649 367 625 361 609 396 693 366 661 356 645 355 632 
438 721 453 690 458 659 451 636 435 623 454 662 465 626 472 601 477 582 436 677 411 637 393 614 382 600 415 687 384 648 369 624 362 609 397 693 368 661 358 646 355 632 
436 720 452 689 459 658 452 632 436 619 455 662 466 625 473 600 478 581 438 678 411 638 393 614 382 600 417 689 385 650 369 625 362 609 399 693 369 662 359 646 356 633 
438 719 454 691 459 660 449 637 430 626 457 662 470 626 477 602 483 584 440 676 415 635 397 612 386 598 418 686 386 647 370 623 363 607 399 692 370 660 361 645 358 632 
438 720 453 691 455 661 443 640 424 629 458 661 469 624 476 599 480 581 440 676 414 635 396 611 385 598 419 686 386 646 371 623 364 608 399 692 370 659 361 644 359 632 
438 721 453 693 458 662 450 640 432 628 456 661 468 624 474 599 480 580 438 675 415 635 398 612 387 598 417 686 387 647 371 624 363 608 398 692 371 661 362 647 359 634 
437 719 452 690 456 660 448 636 432 623 457 661 467 624 474 599 480 580 440 676 414 636 396 612 384 598 419 686 386 647 370 624 363 609 399 692 370 661 360 647 357 634 
437 719 452 691 458 660 451 637 437 624 455 661 466 625 473 601 478 584 437 675 414 636 397 613 387 598 416 685 386 648 370 625 363 608 398 691 370 662 361 646 357 633 
440 718 456 688 464 650 466 619 463 600 456 662 467 630 475 607 482 590 437 676 414 645 400 622 391 608 416 686 385 653 372 629 366 612 398 691 368 663 361 645 361 631 
440 716 454 685 464 646 466 614 466 594 456 664 467 634 475 612 482 595 437 678 414 650 399 626 390 610 416 686 385 656 372 630 367 613 397 690 367 663 359 645 360 629 
439 710 452 679 463 641 470 612 476 595 449 666 453 648 452 631 453 615 427 679 407 659 395 636 389 617 406 686 378 663 366 638 360 619 389 689 364 667 355 647 353 630 
436 707 450 678 461 640 472 610 483 591 446 669 450 660 448 650 448 640 423 680 406 661 393 638 388 618 401 683 378 660 367 637 363 617 384 683 361 661 354 643 356 627 
435 705 448 675 457 637 466 608 472 590 441 666 446 653 447 642 450 631 417 678 398 661 384 638 379 620 396 683 371 660 360 637 357 617 381 682 355 662 348 645 348 629 
434 703 447 673 456 638 464 609 470 590 441 665 449 652 453 639 459 626 419 678 399 662 383 637 376 615 398 684 372 661 360 635 356 614 383 685 357 663 348 644 348 628 
433 702 447 674 456 638 464 609 472 590 442 665 441 657 437 647 436 634 420 677 396 659 382 635 377 614 399 682 370 658 359 632 356 610 382 681 357 659 349 640 348 623 
435 703 448 674 457 636 466 606 472 587 443 662 451 649 455 634 461 620 421 674 400 656 386 631 381 611 400 680 372 656 361 630 357 610 384 681 359 657 350 638 349 621 
436 704 449 674 458 636 467 605 474 586 444 664 449 650 452 638 458 626 422 676 399 657 385 630 378 610 401 681 373 656 362 630 358 609 385 682 358 658 350 638 349 621 
441 707 453 675 461 635 467 602 471 581 448 661 457 641 461 622 467 605 425 674 402 653 388 628 383 609 404 680 373 654 363 629 360 609 388 682 360 659 352 640 353 623 
441 707 455 678 462 639 469 606 474 584 446 666 453 650 455 635 460 622 424 677 402 655 388 629 383 608 403 682 373 656 363 631 361 612 387 683 359 661 352 642 352 627 
444 709 462 677 473 638 473 604 470 583 456 660 463 627 465 602 469 582 432 675 404 647 390 622 384 604 410 683 375 653 365 627 364 608 394 685 363 661 355 644 356 630 
442 711 460 679 471 643 472 611 468 591 458 662 462 621 464 597 467 580 433 677 404 642 390 616 384 599 411 686 376 650 367 623 365 605 394 688 364 660 356 641 355 626 
442 716 460 684 466 651 461 623 450 606 457 661 465 618 470 592 474 572 436 674 403 637 388 611 382 596 414 683 377 646 366 619 365 602 398 686 366 656 358 639 359 625 
441 716 459 686 469 653 462 626 446 613 457 662 465 621 470 595 475 575 437 675 408 638 391 612 381 597 417 683 382 647 368 620 364 602 400 686 369 656 360 639 358 625 
442 715 457 687 463 656 454 633 435 623 457 659 466 620 473 594 478 574 439 673 411 636 395 612 384 598 418 683 383 647 368 622 361 605 400 687 370 657 361 641 360 627 
441 715 458 686 464 654 456 630 439 618 457 660 465 621 472 595 477 576 438 674 410 638 393 613 384 599 417 683 382 648 368 623 362 606 399 687 369 658 360 641 360 627 
439 713 455 685 461 653 455 627 443 614 455 657 466 619 473 594 478 575 437 669 414 633 398 608 388 593 416 677 385 644 370 618 364 601 397 681 370 653 361 637 359 623 
440 713 456 684 461 654 451 631 434 619 456 655 467 618 474 594 481 577 439 668 416 630 400 605 390 591 419 677 387 642 372 617 365 601 400 682 371 652 363 636 362 623 
440 714 455 686 461 655 452 630 437 618 456 656 468 618 476 594 482 575 439 669 417 629 402 605 391 590 419 677 388 641 373 617 365 600 401 682 373 652 364 637 361 624 
440 715 454 686 456 656 445 634 429 623 456 656 467 621 475 600 481 583 440 669 420 631 406 607 396 592 419 678 389 643 374 620 367 603 400 684 371 655 362 640 360 628 
438 715 454 687 458 655 449 631 434 619 456 656 468 621 475 599 481 582 440 669 420 632 405 607 395 591 419 678 389 643 375 618 367 602 399 684 370 655 361 640 359 626 
437 717 453 690 458 661 449 638 434 627 455 660 466 623 473 599 478 581 438 673 417 635 401 612 390 598 417 683 387 646 371 624 362 608 399 688 371 659 361 645 358 632 
436 717 451 690 456 660 447 638 430 627 454 661 465 625 472 601 478 584 438 674 417 636 400 613 389 599 418 684 387 647 371 624 362 608 399 689 370 659 360 644 356 631 
435 717 452 689 453 660 441 640 423 630 451 659 461 623 467 599 471 582 433 673 411 637 394 614 384 599 412 684 382 648 366 624 358 608 394 690 366 660 357 645 355 632 
435 718 451 689 453 660 441 638 423 628 452 661 461 623 467 599 470 581 435 675 410 636 393 613 382 598 414 685 381 648 365 624 358 608 396 690 366 660 357 645 354 632 
433 716 451 687 457 656 447 633 430 621 454 659 467 624 475 600 482 582 436 673 415 635 399 610 388 595 415 682 384 646 369 621 362 604 396 687 368 657 359 642 357 628 
434 717 450 689 455 660 447 637 431 625 454 660 466 624 474 600 479 582 437 673 416 634 400 611 389 596 416 683 386 645 371 622 362 607 397 688 369 657 359 642 356 629 
436 718 452 691 459 661 452 637 437 625 455 662 469 626 477 602 483 585 438 676 417 638 402 614 391 599 417 685 387 648 371 625 363 608 398 690 370 660 361 645 358 631 
436 719 453 692 458 662 450 639 434 628 454 663 466 626 474 602 480 585 437 676 417 638 401 615 390 600 416 686 386 649 370 625 362 608 396 690 369 659 359 644 356 630 
435 718 451 691 457 661 448 637 433 625 454 663 467 626 475 602 481 583 437 677 416 640 400 616 390 601 416 686 385 650 369 626 361 609 396 690 368 659 358 644 354 629 
433 720 449 692 454 662 444 639 428 628 451 663 463 626 469 601 473 583 434 676 411 638 395 615 384 600 414 686 383 649 367 626 359 609 395 692 367 662 358 646 355 632 
434 720 449 693 452 664 441 642 424 631 451 663 463 627 468 604 473 586 435 677 412 638 395 615 384 601 414 686 382 649 366 626 358 610 395 691 366 661 356 646 353 632 
432 720 448 692 451 662 440 640 423 627 451 662 462 625 468 602 472 583 434 676 411 637 394 614 383 599 414 686 381 648 365 624 358 608 394 690 365 659 355 644 354 630 
431 720 448 693 452 664 441 643 424 631 451 663 463 626 469 602 472 584 433 677 412 638 395 614 383 599 413 687 382 649 366 626 357 609 394 692 367 661 357 645 354 632 
432 720 448 693 451 664 439 641 421 629 451 662 464 626 470 602 474 585 435 676 413 636 396 614 385 600 414 685 383 647 367 625 359 609 395 690 366 659 356 645 354 632 
433 720 449 693 453 665 443 643 427 631 452 663 465 626 472 602 477 583 435 677 413 638 396 614 385 600 414 687 383 649 367 626 359 610 395 692 367 661 357 646 354 633 
431 721 448 694 452 664 443 642 427 629 452 664 464 627 470 602 475 583 434 677 412 638 396 615 385 600 413 687 383 649 367 625 359 609 394 692 367 661 358 646 355 633 
430 718 448 691 452 662 442 640 425 629 453 662 465 626 471 602 476 584 436 676 414 637 397 614 385 599 415 686 384 649 367 625 358 609 396 692 367 661 358 646 354 632 
428 717 447 691 453 662 442 640 426 627 453 660 466 625 472 602 476 584 436 674 414 636 397 611 386 596 414 685 384 646 368 623 360 607 395 690 366 659 357 644 355 630 
436 717 454 690 456 660 445 638 428 627 457 658 470 624 477 600 481 583 439 673 418 633 401 609 389 594 418 683 388 643 372 620 364 605 398 689 372 658 363 643 360 629 
439 718 455 690 459 661 450 638 436 627 459 661 473 629 482 608 488 591 443 674 422 636 407 612 396 596 423 683 393 646 378 622 369 604 403 689 376 658 366 642 362 628 
438 716 455 689 459 659 448 637 432 625 460 659 475 626 482 603 488 586 444 673 424 634 407 609 396 594 423 682 393 645 377 620 369 604 402 688 375 656 365 640 363 627 
439 717 456 689 457 660 444 640 426 629 460 659 474 626 482 603 488 586 443 672 423 632 408 608 398 593 421 681 392 642 377 618 369 602 402 686 374 654 366 639 365 626 
440 716 456 688 457 658 443 637 425 626 459 656 473 622 480 600 484 583 443 669 423 630 408 606 397 590 422 679 392 640 377 617 369 601 402 684 374 653 365 638 363 624 
439 716 455 688 456 657 443 636 425 625 459 655 472 621 479 598 485 580 443 669 422 631 407 606 396 590 422 679 391 641 376 617 368 600 401 685 373 653 364 638 361 625 
438 717 454 688 455 659 441 639 423 629 457 657 470 622 477 599 482 581 440 670 420 631 404 608 394 593 419 680 389 641 374 618 365 603 400 686 373 654 363 640 360 627 
438 716 454 688 455 659 442 637 423 627 457 657 470 621 478 598 484 580 441 670 420 631 404 607 393 592 420 680 389 642 374 618 366 602 400 685 372 654 363 639 360 626 
438 716 453 689 455 659 442 637 424 626 458 657 470 622 477 599 482 581 441 670 420 631 404 608 394 593 421 680 390 642 375 619 367 603 401 686 372 654 363 639 360 626 
437 715 454 688 458 659 449 636 433 624 459 658 472 624 480 601 486 583 442 671 423 632 408 608 397 591 422 680 393 642 378 619 368 601 402 686 375 655 366 640 361 625 
438 717 454 689 455 660 443 639 426 628 459 657 472 625 480 602 485 585 442 670 422 632 407 608 396 593 421 680 392 642 376 619 367 602 401 686 374 655 365 641 362 627 
439 718 455 689 456 660 442 639 424 629 458 658 471 623 478 600 484 582 442 671 422 633 406 609 396 595 421 681 390 643 375 620 366 604 401 687 373 657 364 642 360 629 
438 716 454 687 456 657 444 635 426 624 458 656 471 621 479 598 485 581 442 670 421 631 405 606 395 591 421 680 390 642 375 618 367 602 402 686 374 655 364 640 360 627 
438 717 454 688 456 659 443 638 426 628 457 656 470 622 477 599 484 582 440 669 420 631 405 608 395 593 419 680 389 641 374 618 365 602 399 686 372 655 363 640 360 627 
437 719 453 691 455 661 442 639 424 628 457 657 469 621 477 598 483 580 440 671 419 631 404 608 393 592 420 681 390 643 373 620 365 603 400 687 373 656 363 642 360 628 
432 720 449 692 452 662 440 642 422 631 454 659 466 624 475 599 481 581 437 673 415 637 399 614 389 598 415 684 385 646 370 624 361 608 396 691 368 659 360 644 357 631 
430 720 448 693 452 663 441 641 424 630 452 660 466 624 475 600 482 582 435 674 413 637 397 613 387 598 414 685 384 647 368 624 359 608 395 691 367 660 358 645 355 632 
432 720 450 692 457 661 449 638 435 627 455 660 468 625 478 601 486 583 437 675 416 636 400 613 389 598 416 686 386 646 371 623 362 608 397 692 370 660 360 646 357 632 
430 719 449 692 456 662 449 639 435 627 454 661 469 626 478 602 485 584 437 676 417 636 401 612 391 596 416 687 387 647 371 623 363 607 397 692 370 660 361 645 358 632 
430 717 450 690 458 660 451 637 436 624 454 659 469 624 477 600 484 582 437 674 417 634 401 610 390 595 416 685 387 645 371 621 363 605 396 691 370 659 360 643 357 630 
431 720 449 693 453 663 442 642 424 631 452 662 465 626 474 602 481 585 435 677 414 639 397 615 385 600 413 688 385 649 369 626 361 610 394 694 368 662 358 647 355 634 
430 719 449 693 457 662 450 639 435 626 452 663 466 627 476 603 484 585 435 677 414 639 397 615 386 600 415 688 384 650 368 626 360 610 395 694 368 662 358 647 356 633 
430 720 449 693 455 664 446 641 430 629 452 663 467 628 476 603 483 584 435 678 414 638 398 614 387 599 414 688 384 649 369 626 360 609 394 694 367 662 358 647 356 633 
431 720 449 693 455 664 446 641 429 629 453 663 466 627 475 603 481 585 436 678 414 639 398 615 387 600 415 688 384 649 368 626 360 609 395 694 367 661 359 646 357 632 
427 722 447 695 455 664 449 640 437 627 454 666 471 633 483 611 495 594 438 681 417 643 401 619 391 603 417 692 387 652 371 628 363 612 397 696 370 663 361 647 358 634 
427 725 448 697 464 662 474 634 485 615 454 673 468 647 479 629 489 615 437 685 414 647 399 622 387 605 416 693 385 653 372 629 364 613 398 698 371 664 362 648 358 634 
426 723 449 696 462 663 466 635 468 616 455 673 468 647 479 628 489 613 437 687 412 648 396 623 383 607 416 694 384 654 371 631 364 615 397 697 370 664 361 647 358 634 
424 725 446 700 451 671 443 649 430 634 454 672 471 646 483 627 493 610 437 686 413 648 396 623 382 606 416 694 385 653 371 631 364 616 396 698 370 664 361 648 357 636 
426 723 447 700 450 673 440 652 425 638 453 671 471 643 485 622 495 605 437 687 415 648 397 622 383 607 416 696 386 655 373 632 365 619 397 700 372 666 363 650 359 638 
423 722 443 698 447 670 438 648 424 634 451 672 469 642 481 620 490 603 434 687 413 647 395 621 382 606 413 696 385 654 371 631 363 616 394 699 370 666 361 650 356 638 
424 718 445 693 451 664 445 640 435 627 449 669 465 640 478 617 487 599 432 686 411 646 393 620 380 603 411 695 382 654 368 631 360 616 393 698 369 665 359 649 355 636 
421 720 443 697 449 668 440 646 426 634 450 670 465 640 477 617 485 599 433 685 411 645 393 620 379 604 411 694 382 652 368 629 360 615 392 697 367 664 358 649 355 637 
422 719 442 695 448 668 438 647 421 635 451 668 467 637 479 615 488 598 434 683 414 643 395 617 382 601 413 692 385 651 371 628 363 614 394 696 369 661 360 646 356 633 
424 719 445 696 448 669 437 648 420 636 451 667 468 635 479 612 488 594 435 683 414 643 395 617 381 601 414 692 385 650 370 628 362 614 394 696 370 662 360 646 357 634 
424 722 444 697 449 669 437 648 421 635 452 669 469 638 480 615 488 597 435 685 414 644 395 618 382 602 414 694 385 651 371 628 363 614 395 697 369 661 360 645 357 633 
423 719 444 694 446 666 435 646 419 633 450 667 468 637 480 614 488 596 434 683 411 645 392 619 379 604 413 693 383 652 368 629 361 616 394 697 368 663 359 648 356 636 
422 718 443 694 447 666 436 646 421 633 450 667 468 637 480 614 488 597 434 683 411 645 392 620 379 604 413 693 383 652 368 629 361 616 394 697 367 663 358 648 356 636 
426 719 446 693 452 665 445 644 432 631 450 666 467 635 479 613 489 596 434 683 411 645 392 619 379 603 413 694 382 653 368 630 360 616 395 698 369 665 360 650 357 637 
425 720 444 694 450 665 442 643 428 631 450 668 466 638 477 615 486 598 434 684 411 645 393 620 381 604 413 694 384 653 369 631 362 617 395 698 368 665 359 650 356 637 
426 718 447 692 452 663 446 641 435 628 449 667 465 639 478 617 487 600 433 684 412 647 393 621 380 604 413 694 383 654 369 631 362 617 394 698 368 665 359 649 355 636 
424 720 444 695 447 667 436 647 421 635 450 671 465 641 476 618 485 601 433 688 410 649 392 624 380 608 412 697 382 656 368 633 361 618 393 701 366 666 357 650 355 638 
422 720 443 697 448 669 437 649 421 637 449 671 465 639 476 616 485 599 432 686 411 647 393 621 380 606 411 695 382 654 368 631 361 617 391 698 366 665 357 649 354 637 
421 721 443 698 448 671 435 651 419 638 449 671 465 640 475 617 484 600 431 687 411 649 392 622 378 606 410 696 381 656 367 632 360 618 391 699 366 666 357 649 355 637 
421 720 442 698 448 672 436 651 419 639 450 672 465 640 477 617 485 600 432 688 411 649 392 623 378 606 411 697 382 656 367 632 360 618 392 700 366 666 357 649 355 636 
421 720 443 695 454 666 452 641 447 625 447 673 463 645 476 623 486 607 430 689 410 653 392 627 380 610 409 699 381 659 366 635 359 620 390 701 366 670 357 653 354 638 
419 722 440 699 446 674 436 654 421 641 447 676 463 645 474 623 484 606 430 691 409 654 391 627 377 611 408 700 379 660 365 636 358 621 389 703 364 671 355 655 353 641 
419 719 441 694 449 665 444 642 436 628 445 673 459 647 471 625 482 610 427 690 407 653 388 626 375 609 406 699 378 660 364 636 356 621 389 703 364 672 355 656 352 641 
420 720 441 696 446 668 439 646 428 633 446 672 461 645 472 623 480 606 430 690 408 653 388 627 374 611 409 699 379 661 364 637 357 622 391 703 363 671 354 655 351 641 
419 721 440 697 443 671 431 652 417 639 445 672 461 641 473 618 483 601 428 689 407 652 388 625 374 610 407 699 377 659 362 636 355 621 389 703 363 671 354 656 351 643 
416 720 439 696 446 669 439 647 428 632 444 673 458 644 469 622 479 605 427 691 406 655 386 628 372 611 407 701 377 662 362 638 355 622 389 704 363 673 353 657 350 643 
419 718 440 696 444 669 434 648 422 636 444 672 459 643 471 620 481 604 426 690 405 651 386 624 373 608 406 700 377 660 361 636 353 621 388 703 363 671 353 655 349 642 
419 720 440 696 447 669 438 648 427 634 444 674 458 644 470 621 480 605 427 691 406 654 387 627 373 611 406 700 377 662 362 638 354 623 388 704 363 673 353 657 350 643 
417 721 438 697 446 670 440 648 431 634 443 675 457 646 469 624 478 607 427 692 405 655 385 628 371 612 406 702 376 663 361 639 353 624 389 706 362 674 353 658 350 644 
420 717 441 693 448 665 441 643 434 629 444 674 458 648 470 627 480 611 426 692 406 656 387 628 373 610 406 702 377 664 362 639 354 623 388 706 362 675 353 657 350 643 
419 721 440 696 445 669 435 649 422 636 444 674 457 645 469 622 479 605 427 692 404 656 385 629 371 613 407 702 375 662 361 639 355 624 388 705 361 673 352 656 351 643 
416 722 437 700 442 674 431 655 415 643 443 675 458 643 469 621 478 604 427 692 405 656 385 630 371 614 406 702 375 663 360 639 353 624 387 706 360 674 351 658 348 644 
416 720 439 696 448 666 445 642 440 626 442 675 456 646 467 623 477 607 424 692 403 655 384 629 371 612 404 702 374 663 360 639 352 623 385 705 360 674 351 656 348 642 
418 718 439 693 445 665 440 643 431 629 442 673 456 646 467 625 477 609 425 691 403 656 383 628 369 611 405 702 375 664 359 640 352 624 388 706 361 676 351 659 348 645 
418 721 439 696 444 669 436 649 425 636 443 674 456 645 467 623 477 607 426 691 403 656 384 630 370 613 406 701 375 664 360 640 352 625 388 705 361 674 351 658 349 644 
418 720 440 695 446 667 439 646 430 632 443 675 456 648 467 627 476 610 426 692 403 656 384 629 370 613 406 702 374 663 360 639 353 624 387 705 360 673 351 657 349 644 
418 722 440 698 444 673 432 654 417 642 444 675 458 644 468 622 476 605 427 692 403 656 384 629 370 614 406 702 374 663 359 639 353 624 387 705 360 673 351 656 350 643 
417 722 438 697 443 670 434 649 421 637 443 674 457 644 469 621 479 604 426 692 403 655 384 628 370 612 405 702 374 662 359 638 352 623 387 706 360 674 350 657 348 644 
417 720 439 696 442 670 430 651 415 639 443 673 458 645 470 622 479 606 427 690 404 653 385 626 371 610 406 700 375 660 361 636 355 621 388 704 360 670 351 654 349 641 
419 722 440 698 442 672 430 653 414 641 443 673 458 641 470 619 480 602 427 690 404 653 385 626 371 610 406 700 375 660 361 636 355 622 388 704 361 670 352 653 350 640 
416 723 438 699 443 672 432 652 418 639 444 674 458 644 469 623 478 606 428 691 404 653 385 627 372 611 407 700 376 660 362 637 355 623 389 703 361 670 352 654 350 642 
422 720 443 696 448 669 439 649 427 637 445 671 460 643 473 621 484 605 428 688 406 651 388 625 375 609 408 698 378 658 364 634 357 620 390 701 364 669 355 653 352 639 
422 724 443 699 446 671 437 650 422 637 447 673 463 643 474 620 483 602 431 688 409 651 390 625 377 609 410 698 380 658 365 634 357 618 391 701 364 668 355 652 353 639 
424 722 444 697 450 668 444 645 433 632 449 671 465 640 478 617 487 600 433 687 411 649 393 622 380 606 412 698 381 657 367 633 360 618 394 702 367 668 358 651 355 638 
422 721 443 697 445 670 434 650 418 638 449 670 464 639 476 617 485 599 433 687 411 649 392 623 378 607 411 697 381 656 367 633 359 619 392 701 365 667 356 651 353 639 
424 722 445 698 458 667 462 644 465 627 443 671 458 640 471 618 483 602 426 687 403 648 387 622 375 605 406 696 376 656 363 633 357 617 389 699 364 667 356 650 354 637 
426 726 445 699 459 667 466 642 467 626 446 675 459 643 471 622 483 606 429 688 404 650 388 625 378 609 409 695 378 658 365 632 357 614 393 698 365 666 356 648 352 633 
430 721 449 695 465 664 475 641 479 625 450 676 428 658 418 650 413 645 431 688 400 652 382 625 370 606 413 695 383 656 368 630 361 611 396 697 372 665 362 645 358 629 
432 727 449 697 462 665 473 638 482 621 452 676 458 649 468 630 477 616 434 689 404 650 386 623 373 605 414 697 383 656 370 630 363 612 397 700 371 664 362 645 358 631 
431 722 450 690 462 658 463 632 456 616 450 667 460 637 471 616 482 600 431 681 399 646 381 620 371 603 410 691 376 653 365 627 362 611 393 695 363 663 356 645 357 631 
432 715 450 684 463 649 471 622 477 605 447 669 449 646 457 628 466 614 428 683 397 650 381 621 371 604 408 691 375 656 365 629 361 611 393 694 363 664 355 644 355 629 
431 714 450 683 463 647 473 618 481 599 450 671 461 643 473 620 487 603 428 684 399 652 383 623 374 605 407 690 373 656 365 629 365 612 390 691 360 662 353 642 354 625 
434 718 455 689 468 653 473 620 474 602 456 669 469 633 478 609 487 590 432 679 411 648 398 622 391 606 409 686 384 654 376 629 373 611 391 687 366 660 361 642 362 626 
435 720 455 692 468 657 473 628 472 611 456 670 467 633 476 611 485 596 432 680 409 646 397 622 389 607 409 687 384 654 376 629 374 613 392 690 368 662 361 645 361 630 
433 716 454 690 467 656 472 627 472 610 454 671 462 640 469 618 477 605 430 682 404 648 393 623 388 611 407 688 379 654 372 629 373 615 391 691 363 665 358 648 361 635 
434 715 455 689 468 656 473 627 474 610 453 673 465 643 472 621 481 606 428 682 403 649 391 624 386 610 405 686 377 653 372 628 374 614 390 687 362 661 358 644 362 631 
433 710 454 684 468 652 478 624 486 607 448 668 446 653 443 646 442 643 422 677 401 645 394 620 392 604 401 681 375 647 372 623 376 607 385 681 363 654 359 636 363 623 
434 712 456 685 470 655 478 628 484 611 454 666 463 636 470 616 478 602 428 674 403 641 395 616 393 600 406 678 376 643 373 620 376 605 391 679 366 654 361 637 364 624 
434 710 455 686 469 657 479 633 489 617 449 674 448 663 444 652 443 641 424 681 404 653 395 626 393 607 403 683 380 652 377 627 379 609 389 683 368 656 364 638 367 623 
434 710 455 686 469 657 478 632 487 615 454 671 459 654 461 640 464 628 428 679 408 651 400 625 399 607 405 682 381 650 377 625 380 609 390 682 368 657 364 637 367 623 
433 712 451 689 464 658 475 633 484 616 450 676 457 658 461 641 467 626 426 685 407 657 398 630 395 610 404 687 381 658 375 633 376 613 389 687 367 661 362 641 364 626 
433 710 452 686 466 655 479 630 491 613 449 673 449 664 446 657 446 651 424 681 405 657 396 632 394 615 402 684 380 656 374 631 375 612 387 684 367 660 361 641 363 626 
433 712 452 687 466 657 477 631 487 613 451 673 457 658 459 645 464 633 426 682 406 656 397 630 395 611 403 685 379 655 374 629 376 611 388 685 366 660 362 641 364 626 
431 710 452 687 467 658 477 631 484 613 450 675 456 654 459 637 462 623 425 684 405 655 396 629 392 611 402 687 380 657 375 632 376 614 387 687 366 662 361 644 364 629 
434 717 454 691 468 659 476 630 483 611 454 677 462 648 466 629 470 614 429 688 408 656 398 630 393 613 406 693 381 658 375 632 375 615 390 693 366 664 362 645 364 630 
432 720 452 693 464 662 469 634 470 616 453 678 460 646 463 628 467 616 429 691 403 654 391 628 385 612 406 697 377 659 369 632 369 615 390 698 364 667 359 648 361 634 
431 719 453 692 465 659 470 630 472 612 451 677 457 645 461 626 466 611 428 689 401 654 389 627 384 611 406 696 377 660 368 632 367 613 389 697 364 667 358 647 358 632 
432 726 452 695 462 660 461 630 456 612 452 672 463 634 469 609 476 590 431 685 402 646 387 620 379 605 409 694 377 653 368 626 365 609 393 697 366 665 358 648 357 634 
432 724 450 695 460 660 458 632 446 616 453 671 462 632 467 608 473 590 433 684 405 644 388 619 378 604 411 692 380 653 369 627 365 611 393 696 365 664 357 648 357 634 
429 722 449 694 458 664 452 639 435 626 452 668 462 630 469 604 475 585 433 682 405 640 387 615 376 601 411 690 380 649 366 624 362 608 394 694 365 660 358 643 358 631 
425 720 445 695 458 662 457 634 446 617 451 668 463 631 470 605 475 586 432 681 407 640 388 616 377 601 411 689 382 650 368 626 362 609 393 693 366 661 358 646 356 632 
423 720 445 696 457 666 455 641 443 625 450 668 461 632 468 609 473 591 431 680 407 640 389 615 378 600 410 689 381 648 368 624 362 607 391 693 366 660 358 645 356 632 
422 719 444 695 454 666 449 643 435 629 450 668 461 633 467 610 471 593 431 680 407 640 389 616 378 600 409 688 381 647 368 623 361 606 390 691 366 659 358 643 356 629 
424 719 445 694 457 662 457 635 452 619 447 668 458 635 465 613 470 597 428 680 405 642 388 616 376 601 407 688 380 648 368 625 362 608 390 693 365 661 357 644 356 630 
424 723 446 697 458 663 458 636 447 620 449 672 461 638 467 616 471 600 431 684 405 645 388 620 376 605 410 693 380 655 366 630 360 612 392 697 365 666 357 649 356 636 
420 721 442 698 453 668 448 645 434 631 450 673 461 636 466 613 470 595 431 686 407 647 388 622 375 607 409 694 380 654 366 630 359 613 390 697 364 665 356 650 355 636 
421 719 443 695 453 667 446 644 432 629 446 670 459 636 465 612 468 596 427 684 401 645 382 620 370 605 405 693 376 653 363 630 358 614 386 697 362 665 354 649 354 636 
426 720 446 694 455 662 451 636 439 621 446 671 455 636 460 612 463 595 428 685 401 647 382 623 371 608 407 694 376 655 362 631 357 615 389 698 362 667 353 650 352 637 
426 723 445 696 453 664 447 640 432 627 446 671 455 635 459 611 462 593 427 684 400 646 380 622 368 608 406 693 375 655 361 631 354 615 388 697 360 666 352 650 350 637 
426 724 444 698 450 668 441 645 423 634 446 673 455 636 459 611 461 593 426 685 399 647 380 624 368 610 405 694 374 656 360 633 353 617 387 698 359 667 351 652 349 639 
426 724 445 696 452 665 446 640 431 627 447 672 453 634 457 608 460 590 428 686 398 649 378 625 366 611 406 695 373 658 359 633 353 618 388 699 359 668 350 651 348 638 
424 724 442 697 449 667 442 643 426 631 443 672 450 634 454 611 456 593 424 685 397 647 378 624 365 610 403 694 373 657 358 634 351 618 385 699 358 668 349 653 347 639 
424 723 442 696 450 665 444 641 429 629 443 672 449 635 452 613 454 596 424 684 394 646 375 623 364 609 403 693 371 655 357 632 352 616 386 697 357 667 348 651 346 637 
425 724 443 698 450 669 440 645 422 633 446 672 454 634 457 611 459 594 427 685 398 644 378 621 367 608 407 694 373 655 359 631 353 615 389 698 359 667 350 651 349 637 
424 724 443 698 452 666 447 641 432 627 444 671 452 635 457 611 461 594 425 684 398 646 379 622 368 608 405 693 375 656 361 633 354 617 387 698 361 667 352 652 349 639 
423 724 441 698 449 669 440 647 421 636 446 671 456 633 458 609 459 591 427 684 401 644 382 620 370 606 406 693 375 653 361 630 355 614 387 696 360 665 351 649 350 636 
417 722 439 697 450 665 448 640 436 624 444 672 456 637 461 613 464 596 426 686 401 647 382 622 369 607 405 694 375 655 361 631 355 614 386 698 359 666 351 650 350 637 
416 722 438 699 447 670 440 647 426 631 443 674 455 640 459 617 461 600 425 688 398 650 378 625 364 609 403 698 373 658 359 634 353 617 385 702 358 670 349 653 348 639 
417 720 438 696 450 665 448 639 438 623 441 676 452 643 457 621 461 605 422 689 398 651 379 625 366 610 401 697 373 658 360 634 355 618 384 700 358 670 350 653 348 639 
418 721 440 697 453 668 451 644 441 630 446 681 457 657 465 639 473 625 428 693 404 657 386 632 374 617 406 700 379 663 366 639 361 622 387 702 362 671 354 654 354 640 
418 721 442 698 455 669 455 644 450 626 445 681 456 658 465 643 473 631 426 694 405 659 388 633 375 618 405 701 379 663 367 639 362 622 386 703 363 672 355 655 354 641 
419 722 442 698 457 668 459 642 457 623 445 681 455 654 465 636 473 623 426 693 405 657 388 632 375 616 405 700 379 663 367 638 361 621 387 703 364 672 356 655 354 641 
419 724 441 698 453 667 452 641 446 623 446 683 456 657 465 638 472 623 428 697 404 662 386 637 374 621 407 705 379 667 366 642 360 624 388 707 363 675 355 657 354 642 
417 722 441 697 454 667 454 642 450 624 444 684 455 663 464 647 472 635 426 698 403 663 385 637 372 621 405 705 378 667 365 642 359 624 387 708 362 676 355 658 353 643 
418 719 441 696 456 668 458 642 456 623 443 684 449 657 455 638 461 625 423 697 402 661 387 636 376 620 402 704 377 666 366 642 361 624 384 706 362 675 354 657 353 643 
413 723 437 700 449 670 446 646 433 630 444 680 455 647 463 624 470 608 425 693 401 657 382 632 370 616 403 701 376 662 363 639 357 622 384 704 359 672 352 656 351 642 
414 718 438 696 452 668 453 644 451 627 441 680 452 653 459 635 466 623 421 693 400 656 383 631 371 615 401 701 374 662 362 638 357 621 383 703 359 673 352 655 351 640 
416 722 439 697 452 667 451 641 444 624 442 678 453 649 461 627 468 612 423 693 400 656 383 630 371 614 402 701 375 663 363 638 357 621 384 705 360 673 352 655 350 641 
418 721 439 697 448 668 443 645 429 631 442 678 453 649 460 628 465 613 423 692 400 655 381 630 369 615 402 700 374 662 361 638 356 622 384 703 359 672 351 655 350 642 
413 723 436 698 452 666 456 640 454 622 441 677 451 646 456 626 459 612 424 690 399 654 381 629 368 614 403 699 374 660 361 637 355 620 385 702 359 671 351 654 350 640 
416 724 440 699 449 669 444 644 432 628 445 679 456 649 464 628 471 612 426 694 403 657 384 631 371 615 404 702 376 663 363 638 357 622 385 705 359 673 352 656 351 641 
417 719 440 696 453 666 453 641 450 624 444 678 454 652 461 634 466 622 424 692 401 657 383 631 371 616 403 700 374 663 362 639 357 623 385 704 360 674 352 656 350 642 
417 722 439 698 451 668 447 643 438 626 442 681 453 655 460 637 466 623 424 695 401 658 382 633 370 617 403 703 375 665 362 640 356 623 385 706 359 675 351 657 350 643 
420 721 442 696 450 668 441 646 427 633 446 679 458 651 465 631 470 616 427 695 401 659 382 632 368 615 405 704 376 665 363 639 357 623 386 706 360 674 352 655 352 641 
415 722 439 699 454 668 458 641 457 623 443 679 455 650 461 629 466 614 425 691 402 655 383 630 370 616 404 699 376 662 363 638 357 622 386 703 360 673 352 656 349 642 
417 721 440 698 450 671 445 648 433 633 443 676 455 643 461 621 466 605 424 690 401 652 382 628 371 612 403 698 376 660 362 636 356 619 386 702 361 672 353 655 350 640 
421 722 441 697 449 668 443 644 430 631 445 676 455 647 461 626 466 612 426 690 401 653 383 628 370 613 405 699 376 660 363 636 357 620 386 703 360 672 352 655 350 642 
413 725 435 702 444 673 437 649 421 636 443 676 456 643 462 620 467 603 425 688 401 650 382 626 369 612 404 696 376 658 361 635 354 619 385 700 360 669 352 654 350 641 
418 721 440 696 448 666 443 642 433 627 443 672 455 642 462 620 467 604 425 687 400 649 382 624 369 609 404 696 374 656 362 633 356 618 385 700 359 668 351 651 350 638 
420 723 441 699 447 671 436 649 419 638 446 672 459 641 467 619 473 602 428 686 404 647 385 622 373 608 407 696 378 656 364 632 357 617 388 701 362 668 354 653 351 640 
420 724 442 699 450 669 445 646 431 633 445 673 458 641 466 618 472 602 427 686 405 647 387 622 375 607 406 695 379 655 365 632 358 616 387 700 363 669 354 653 351 640 
421 723 442 698 451 668 445 645 434 631 446 673 458 641 466 619 472 603 428 686 406 649 388 625 375 610 407 695 378 657 364 633 358 616 389 700 362 668 354 652 353 639 
419 721 442 695 455 663 456 637 449 623 445 672 457 641 465 618 471 603 428 686 405 648 387 623 374 608 407 696 379 656 365 633 358 616 389 700 363 669 354 653 352 640 
417 721 439 697 446 670 436 649 421 636 445 671 457 638 465 615 470 598 427 685 403 647 384 622 371 607 406 695 377 655 363 632 357 617 387 699 362 668 353 652 351 639 
419 720 441 695 449 667 444 644 431 631 443 670 455 639 463 617 469 601 426 685 401 647 383 622 371 607 404 694 376 655 363 632 357 616 386 699 360 668 353 651 352 638 
420 720 441 694 453 661 456 634 451 618 444 672 453 640 459 619 463 605 426 685 402 647 385 623 372 608 405 694 377 656 363 632 357 616 387 699 361 668 353 651 351 637 
419 722 439 698 444 670 433 649 416 638 444 670 456 637 464 613 470 596 426 684 403 646 385 622 372 606 404 693 376 655 362 631 355 616 385 698 360 668 351 653 350 640 
416 723 438 699 448 668 444 643 431 629 443 671 456 639 463 615 468 598 425 685 403 647 384 622 372 607 404 694 376 655 362 631 355 615 386 699 360 668 351 652 350 639 
420 722 442 696 449 667 442 644 428 631 445 670 460 640 468 617 473 601 428 685 404 646 385 621 372 607 406 696 377 656 364 633 357 618 388 701 362 669 354 653 352 641 
418 724 439 699 446 670 440 647 425 634 445 671 458 638 465 615 470 598 427 685 405 647 386 623 373 608 406 695 378 656 364 633 357 618 387 700 362 669 353 654 351 641 
422 725 443 698 449 669 442 646 427 634 443 670 454 637 461 613 467 597 425 685 400 647 382 623 370 609 404 695 374 656 361 633 355 618 386 701 359 670 351 654 349 641 
422 726 442 699 450 667 444 643 428 630 444 670 453 636 460 613 466 596 426 684 400 647 382 624 371 610 405 694 375 657 361 634 354 619 387 700 359 670 351 654 349 641 
414 725 435 700 444 672 439 650 426 638 443 673 453 642 463 621 473 605 425 686 400 652 383 628 372 614 403 694 374 660 360 635 352 618 383 698 356 668 349 652 349 639 
418 724 440 700 447 671 439 650 427 638 438 672 449 642 459 622 468 607 420 685 397 651 381 627 369 611 399 694 370 658 358 635 352 620 382 699 356 670 349 654 347 640 
427 725 445 696 453 663 451 638 445 622 446 672 453 643 459 621 464 602 427 686 399 655 382 630 371 614 406 696 373 664 359 638 353 620 386 700 356 671 348 653 348 638 
424 727 443 698 453 664 451 637 447 620 446 672 453 641 459 619 464 600 426 686 398 655 382 631 372 615 405 695 373 664 359 638 354 620 387 699 356 671 348 653 348 638 
425 727 445 697 453 665 451 640 445 623 445 671 453 641 460 618 466 600 425 686 398 655 382 629 372 613 404 695 372 662 359 637 354 620 386 700 355 671 348 654 349 640 
423 729 442 699 454 664 456 636 455 616 445 677 456 648 462 625 468 606 426 691 400 661 385 636 375 619 405 699 374 667 361 641 355 621 386 703 357 674 349 655 348 639 
422 725 442 696 454 662 460 634 463 612 443 680 453 653 460 629 466 610 424 694 399 662 382 636 371 619 403 702 371 668 359 642 354 623 386 706 355 676 348 658 350 644 
421 726 442 696 453 663 457 635 460 614 442 683 451 656 457 634 462 614 423 697 393 667 375 640 363 622 402 705 367 671 356 644 352 626 384 707 353 677 347 659 350 644 
421 728 442 698 454 663 459 634 461 612 441 683 451 655 457 632 463 613 423 697 395 665 379 639 369 622 403 705 369 670 357 643 353 624 386 708 354 677 347 658 348 644 
425 731 445 701 454 670 453 644 449 626 447 680 458 650 465 627 470 608 429 694 402 660 385 635 375 618 409 702 376 667 363 641 357 622 392 706 361 676 353 658 353 643 
424 730 445 702 451 673 447 650 439 633 447 679 458 649 465 626 472 607 430 693 404 660 385 635 373 618 410 703 377 667 363 641 356 622 392 707 361 676 353 659 353 644 
423 725 445 698 452 667 449 643 442 626 445 678 455 650 463 627 469 609 427 694 400 660 381 634 368 616 407 704 374 667 360 641 354 624 389 709 358 678 350 661 349 647 
424 727 445 698 454 664 453 637 450 618 445 677 455 649 462 625 468 607 427 693 400 659 381 633 369 617 407 703 373 665 360 640 354 622 389 707 357 676 349 659 349 645 
425 727 444 696 455 661 457 632 456 610 445 677 454 648 460 625 465 606 427 693 399 659 381 633 368 616 407 703 373 665 360 640 353 623 389 707 358 676 349 659 348 645 
424 727 445 698 453 665 451 640 444 621 445 677 455 647 461 623 466 604 428 692 400 659 380 632 367 615 407 702 374 665 360 641 354 624 390 707 358 676 349 660 348 647 
426 726 446 698 454 665 452 640 447 622 446 675 456 645 463 622 468 603 429 691 401 657 381 631 368 615 409 702 375 664 361 640 354 623 392 707 360 677 350 661 349 647 
428 724 445 696 447 666 439 644 428 631 446 667 455 635 461 611 466 592 432 685 405 652 384 629 370 614 413 699 379 663 361 641 351 625 395 707 363 680 351 666 345 652 
426 724 443 696 445 666 436 645 421 634 445 666 455 634 461 610 466 591 430 684 404 650 383 626 368 611 411 697 378 661 360 638 350 623 392 706 362 677 350 663 345 650 
426 722 442 694 443 665 434 644 421 632 445 665 455 632 461 608 466 589 431 685 407 651 385 626 369 610 413 699 379 663 360 640 350 625 394 708 362 681 350 666 346 653 
426 719 441 691 441 663 430 644 418 634 444 662 453 630 458 606 462 587 431 682 406 652 384 629 368 613 413 697 379 665 360 645 348 630 395 707 363 684 350 670 344 656 
424 721 442 693 447 662 443 639 436 623 443 668 451 637 456 615 460 596 427 687 400 654 379 630 364 614 408 700 374 665 357 642 349 626 389 707 358 679 348 664 346 650 
427 723 444 694 449 663 444 640 436 624 444 669 452 639 458 616 463 597 428 688 402 657 382 631 367 615 408 700 375 667 358 643 351 627 390 708 358 680 348 665 347 652 
427 727 444 699 450 667 445 645 436 630 445 671 454 639 459 616 464 597 429 688 402 655 382 632 370 616 410 700 376 666 359 643 351 627 391 707 360 680 350 665 347 652 
426 725 444 696 450 664 445 640 437 625 444 670 453 639 459 616 465 597 429 687 402 655 382 631 369 615 409 699 376 665 359 642 350 625 391 706 361 679 350 665 347 651 
423 722 440 696 443 667 432 647 418 635 445 662 455 630 460 606 464 587 430 680 406 646 386 623 371 608 410 694 379 658 360 636 350 620 391 702 361 675 349 662 345 648 
419 721 438 695 442 666 433 646 419 633 444 662 454 627 460 603 463 584 429 679 405 643 384 619 369 604 409 692 377 656 361 635 351 620 390 701 361 674 350 660 346 648 
421 722 440 695 445 666 434 644 418 632 445 660 456 625 461 601 465 581 430 676 404 639 383 615 369 599 410 689 377 651 360 630 351 615 390 697 362 669 351 656 347 644 
422 722 441 694 445 663 434 641 419 627 446 660 455 625 461 602 465 583 430 676 404 639 384 615 370 599 410 689 378 651 361 630 352 615 390 697 362 669 351 656 347 644 
423 724 443 696 445 666 434 644 419 632 448 661 459 627 467 604 473 586 432 678 404 641 384 617 370 601 412 691 378 653 362 632 353 618 392 699 363 670 353 657 350 646 
423 724 443 695 446 664 437 641 423 628 448 660 459 627 468 604 475 586 432 677 405 639 385 615 371 600 412 690 379 652 362 632 354 618 393 699 364 670 353 657 349 647 
424 720 443 692 447 661 437 638 421 626 447 657 459 621 466 596 472 577 431 674 404 636 383 613 369 599 411 688 378 650 361 629 352 616 392 697 363 667 352 654 347 643 
425 721 444 690 447 659 435 637 418 626 446 657 458 621 466 596 472 577 430 675 403 636 382 613 369 599 410 688 377 650 360 629 352 615 391 697 362 667 352 654 348 643 
424 722 442 693 445 662 434 641 416 631 447 658 457 622 464 597 469 578 432 675 403 638 382 615 368 601 411 688 377 651 361 630 352 617 392 697 363 669 352 656 348 645 
423 719 441 689 449 653 447 626 438 610 446 657 453 622 459 598 463 580 429 674 400 636 380 613 366 599 409 688 376 649 359 629 350 615 390 697 361 667 350 654 344 643 
421 719 440 691 445 660 437 637 421 626 444 658 454 621 458 596 461 578 428 675 400 637 379 614 364 600 408 688 375 650 359 630 349 617 389 696 360 667 349 655 344 643 
423 720 442 691 447 660 436 638 418 626 445 657 456 621 462 597 466 578 429 674 401 635 380 612 367 597 408 686 376 647 360 627 352 613 389 694 360 663 350 650 345 638 
423 718 441 690 448 659 441 634 426 621 447 656 456 619 462 594 467 574 431 672 402 632 382 609 368 594 411 684 377 645 360 624 351 609 391 692 362 663 352 650 346 638 
425 718 444 688 452 656 447 630 435 614 447 655 456 620 462 595 466 577 431 671 401 632 380 609 367 594 410 684 377 645 360 625 351 612 391 693 363 663 352 650 347 639 
425 717 443 689 451 657 445 633 432 620 446 657 457 621 463 596 466 577 430 674 403 635 383 611 368 597 410 686 378 648 362 627 353 613 391 694 362 664 352 651 348 640 
428 717 444 689 452 657 448 632 438 617 445 656 454 620 461 596 467 578 429 672 401 633 381 610 367 595 410 684 378 646 361 625 352 610 391 693 363 663 352 650 346 638 
429 718 445 688 451 655 447 631 438 615 446 653 455 618 461 593 466 573 431 671 401 633 380 610 367 595 412 684 376 646 360 625 351 610 393 692 361 662 351 650 347 638 
429 716 444 686 447 655 436 633 419 622 446 652 456 616 462 591 466 572 432 669 403 631 382 609 368 594 412 682 378 645 361 624 351 610 394 691 364 663 352 650 346 638 
428 716 444 687 446 656 435 634 417 623 447 652 455 615 461 590 466 571 431 669 403 631 382 608 367 593 412 682 379 645 361 624 350 609 393 691 364 663 352 650 346 638 
428 715 443 686 445 655 433 634 415 623 447 652 455 614 461 589 465 569 431 669 401 631 380 608 366 594 411 683 378 645 361 624 351 610 392 692 363 662 352 649 347 637 
432 717 446 687 447 656 436 635 422 624 447 653 458 620 468 598 479 582 432 669 404 632 386 610 374 596 412 682 378 646 361 625 352 611 393 692 363 662 352 649 347 637 
434 718 446 687 447 656 437 635 425 623 447 653 456 621 467 601 478 586 432 667 406 632 388 611 376 598 412 680 379 646 361 625 351 610 394 689 363 662 351 648 345 634 
433 717 447 686 449 655 438 633 424 621 449 652 459 618 469 596 479 579 434 668 408 631 390 608 378 593 414 680 380 646 363 623 353 608 395 689 364 660 353 646 349 633 
433 718 447 688 449 657 439 635 424 624 449 653 459 619 469 597 478 579 434 669 407 632 389 609 377 595 414 681 380 646 363 624 353 609 395 690 364 661 353 647 348 634 
430 718 445 689 448 658 436 636 420 625 448 654 460 618 470 594 479 575 434 671 407 634 387 610 374 596 414 684 379 648 362 626 352 612 395 692 363 663 352 649 349 637 
431 718 446 688 448 657 435 636 418 625 449 653 460 617 469 592 477 573 434 671 406 633 387 609 374 594 414 685 380 647 362 625 352 611 395 694 365 664 353 651 348 638 
433 719 448 689 451 658 441 636 425 625 452 654 464 617 471 593 477 574 437 670 411 630 393 607 381 592 417 683 385 644 368 624 359 609 398 692 369 662 357 649 351 637 
432 719 448 690 450 659 438 638 420 627 453 654 464 617 471 592 477 573 438 670 413 630 394 607 381 592 418 683 385 645 368 624 358 610 398 692 369 663 358 650 351 638 
433 720 448 691 450 661 437 639 419 629 453 656 465 619 473 594 479 575 439 672 412 632 392 608 378 594 418 685 385 646 368 625 358 612 399 694 370 664 359 651 352 640 
428 721 446 693 449 662 436 639 418 628 453 657 466 620 473 595 478 575 438 673 412 634 391 610 378 595 418 687 385 647 367 626 357 613 398 695 369 665 357 652 351 641 
429 721 447 692 450 660 439 637 422 624 453 658 464 621 472 596 478 577 437 675 410 635 391 612 378 597 416 688 383 648 366 627 357 613 396 696 368 665 357 653 352 642 
430 721 449 690 450 659 437 637 420 626 452 657 463 621 470 596 476 577 436 674 408 636 388 613 374 598 415 688 381 650 364 629 355 616 395 698 366 668 355 655 351 643 
431 720 448 690 448 660 434 639 415 630 451 655 462 619 470 593 476 574 437 672 409 635 389 612 374 598 417 687 383 649 365 629 355 616 398 696 368 667 356 654 350 643 
428 721 446 692 448 662 436 641 418 630 451 656 463 618 470 592 476 572 437 673 409 634 388 611 374 597 417 686 382 648 364 628 354 615 397 696 368 667 356 654 350 644 
427 721 445 691 447 659 436 636 419 624 452 655 463 619 471 594 477 574 436 672 408 634 388 611 374 596 416 686 382 648 364 628 355 614 396 696 367 666 356 653 351 642 
428 721 446 691 449 659 440 634 425 621 452 657 459 619 465 594 469 574 435 674 405 635 385 614 371 600 415 687 380 650 363 631 353 617 396 696 366 668 354 656 349 645 
427 722 445 691 447 659 436 637 419 625 449 656 457 620 463 595 467 576 433 673 403 635 383 613 369 599 413 687 377 649 360 630 351 616 394 697 363 668 352 655 348 644 
428 721 445 690 447 658 435 635 418 623 448 656 457 619 462 593 466 574 433 674 403 637 382 614 367 599 413 688 378 651 360 631 350 618 394 698 364 670 352 657 347 645 
428 719 444 686 448 652 440 627 427 612 446 653 454 618 459 593 463 574 431 672 401 636 379 613 364 599 412 687 376 651 359 632 349 619 394 698 363 670 351 657 345 646 
428 720 444 689 446 658 434 636 416 624 446 655 453 618 458 592 462 573 430 673 399 637 378 614 363 600 410 688 374 652 357 632 348 620 392 698 361 669 349 657 344 646 
425 720 440 691 441 658 430 635 413 623 442 654 448 617 453 591 457 572 426 673 395 636 373 614 358 600 407 687 370 651 352 632 343 618 388 698 356 669 344 656 339 645 
427 722 442 691 447 656 439 630 424 617 443 656 451 618 455 591 459 571 428 674 396 637 374 614 359 600 409 689 372 652 355 631 345 618 391 698 359 669 347 656 342 645 
427 722 442 691 445 658 434 634 417 623 444 656 451 617 456 591 459 571 430 674 398 637 376 615 361 601 410 688 374 652 356 632 346 619 392 698 360 670 348 657 341 646 
429 720 445 689 447 657 434 634 416 622 445 653 453 615 458 589 461 568 430 670 398 633 376 611 362 597 411 684 374 648 357 627 347 614 392 694 360 664 349 651 345 640 
431 722 446 690 447 658 434 635 415 625 447 653 455 615 459 588 463 568 432 670 399 633 378 611 364 597 413 685 376 648 358 628 349 615 394 695 362 665 351 652 347 641 
429 722 444 690 447 658 436 634 419 622 447 653 454 615 459 589 463 569 433 670 400 634 378 611 364 597 413 685 376 648 358 629 349 615 394 695 362 665 350 653 346 642 
427 723 443 691 446 657 437 632 422 618 445 655 451 617 455 591 459 572 429 673 396 636 374 614 360 600 409 687 372 650 355 631 346 618 390 697 360 668 349 656 345 646 
428 723 443 692 445 659 435 635 419 621 444 656 451 617 456 591 460 571 429 673 397 636 375 614 360 600 409 687 374 651 356 631 347 618 391 697 360 669 349 656 344 644 
424 720 440 687 445 652 440 624 429 607 440 655 448 618 452 592 456 573 426 674 393 638 371 615 357 601 406 688 370 652 353 632 344 618 388 698 356 669 344 655 339 643 
425 722 439 692 447 658 447 633 443 617 438 657 445 619 450 593 455 573 423 674 392 638 371 615 355 601 405 688 369 652 352 632 342 619 388 698 357 669 345 656 338 645 
424 722 439 690 445 655 442 629 433 613 437 656 443 620 448 594 452 574 422 675 390 640 367 617 353 603 403 690 366 654 349 634 340 620 386 700 353 672 342 658 337 646 
424 725 441 693 448 657 444 628 433 612 439 662 448 625 452 598 455 578 424 679 392 644 369 621 355 607 405 693 367 657 350 637 342 623 388 702 354 674 343 660 338 649 
423 725 440 693 448 656 449 627 446 608 438 661 445 625 450 599 454 579 424 678 391 643 369 621 354 607 405 693 368 657 351 636 342 622 389 703 355 674 344 660 339 648 
424 724 440 694 449 660 452 634 454 616 439 661 446 625 452 598 457 578 424 678 392 641 370 618 356 604 406 691 368 655 352 634 343 620 389 700 357 671 345 658 341 646 
424 724 441 694 449 661 446 635 439 619 440 661 449 625 454 598 459 577 426 679 394 643 372 619 357 604 407 693 370 657 352 636 343 621 389 701 357 672 346 659 341 646 
423 724 441 693 448 658 444 632 435 616 441 662 449 626 455 599 459 579 426 679 394 643 372 619 357 605 406 692 370 656 354 635 346 621 389 701 356 672 346 659 342 647 
422 723 439 693 450 658 455 632 457 614 438 663 446 628 452 602 458 582 423 681 393 646 372 622 357 608 405 694 369 658 353 637 344 623 387 703 355 673 344 659 341 648 
424 725 441 695 450 660 452 634 451 616 440 662 448 627 454 601 459 581 425 681 394 646 372 622 357 607 406 695 369 659 352 637 344 622 388 704 355 674 344 660 341 648 
423 726 440 697 449 662 450 635 446 617 440 663 449 626 454 599 459 579 425 680 396 643 374 620 359 605 407 693 371 657 354 636 344 621 389 702 357 674 346 660 341 647 
424 724 441 694 449 659 450 633 448 616 440 662 449 626 455 600 459 580 425 681 394 644 372 619 358 605 406 694 370 656 354 634 346 620 388 703 355 673 345 658 342 646 
424 724 441 695 450 659 454 633 456 615 440 662 448 626 454 600 459 580 424 680 394 643 373 619 358 604 406 693 370 656 353 634 344 619 389 701 356 672 346 658 342 645 
425 725 443 695 452 659 455 632 456 612 443 661 452 625 457 598 462 578 428 678 398 642 377 618 361 603 410 692 374 656 356 635 347 620 391 701 359 672 348 658 344 646 
426 722 442 692 453 658 459 631 463 613 444 659 452 624 458 598 463 578 429 677 399 641 377 617 361 602 410 691 374 654 358 634 348 620 392 700 360 672 349 658 345 646 
431 722 447 692 457 656 460 628 461 608 447 659 457 623 463 597 468 578 433 676 403 638 382 614 367 599 414 689 378 652 361 631 351 616 395 698 364 669 353 655 347 643 
430 722 446 693 457 658 462 631 467 612 448 659 456 622 462 596 466 577 433 676 404 638 383 614 369 599 415 689 380 653 363 632 352 617 397 698 366 670 354 656 348 644 
430 723 447 695 456 661 459 636 458 618 448 659 458 621 464 595 469 576 434 676 405 637 384 614 369 599 415 690 381 652 363 630 353 616 397 700 367 670 355 657 349 645 
430 725 446 696 457 663 463 637 468 619 449 661 457 623 464 596 469 577 434 676 404 638 384 614 370 600 415 689 380 651 364 630 354 617 397 698 367 668 356 655 350 644 
430 724 446 694 456 661 463 635 470 617 448 656 455 621 460 596 464 577 433 672 403 634 382 611 368 595 414 686 379 650 361 630 350 616 396 697 365 669 353 657 346 646 
430 723 448 694 458 659 462 632 462 614 451 656 460 619 465 592 470 572 436 673 406 633 386 609 372 594 417 686 381 648 364 627 353 613 398 695 368 668 355 655 349 643 
429 722 448 693 459 658 463 631 465 613 452 657 460 619 466 593 470 574 436 674 406 634 386 610 371 594 416 686 381 648 365 628 355 614 397 695 367 665 355 653 349 642 
430 723 449 693 462 657 466 629 467 609 455 658 463 620 468 594 472 574 439 674 409 635 388 611 373 596 419 687 384 649 367 629 357 615 400 696 370 666 359 653 353 642 
429 721 448 692 461 658 470 632 475 614 456 657 463 620 468 595 471 576 440 673 409 633 389 610 375 596 420 686 384 647 368 628 358 615 401 696 371 666 360 655 355 645 
428 721 448 692 461 656 468 628 473 609 456 658 464 621 468 595 472 576 440 674 409 634 388 611 374 595 420 686 384 648 366 628 356 614 400 695 370 666 358 654 352 643 
428 720 447 691 461 656 467 627 470 607 456 659 464 622 469 597 473 578 440 674 409 635 389 612 375 596 419 686 384 648 367 628 357 615 399 695 369 666 358 654 352 643 
429 719 449 690 462 655 466 627 465 607 455 659 463 625 468 600 472 582 440 675 409 635 389 612 375 597 419 687 384 648 367 628 357 615 400 695 370 666 358 653 353 643 
427 718 448 691 462 658 472 633 480 614 454 658 461 623 465 598 468 580 437 672 409 633 390 610 375 595 418 684 384 646 368 628 358 616 399 693 371 666 358 654 352 644 
430 719 448 691 462 657 471 630 478 612 454 658 460 623 466 599 470 582 438 673 409 634 390 611 375 596 418 685 384 648 368 628 358 614 399 694 371 666 359 654 352 643 
432 718 450 690 462 653 468 624 469 605 453 659 461 625 465 600 468 583 436 675 408 636 387 612 373 597 416 687 381 650 365 630 356 615 397 696 368 668 357 655 351 644 
430 720 448 692 459 658 463 631 462 612 451 660 460 625 465 601 468 582 436 675 408 636 388 612 372 596 416 688 382 650 365 630 354 617 397 697 369 669 356 656 349 645 
428 718 447 691 460 656 466 628 470 609 450 659 458 623 464 598 467 580 435 674 407 635 387 611 372 596 415 687 382 649 365 629 354 615 397 696 368 667 356 654 349 643 
427 719 445 692 459 657 467 629 473 610 450 658 457 623 462 598 465 581 433 673 406 634 386 610 372 595 414 685 380 648 364 628 354 615 395 695 366 666 355 654 349 642 
428 719 447 689 461 652 467 623 470 602 450 656 456 625 461 602 464 587 434 672 406 635 386 611 371 596 414 685 380 649 364 629 353 615 396 695 366 667 354 654 347 642 
428 718 447 689 460 654 466 626 467 606 449 658 459 623 463 598 466 580 434 674 405 635 385 611 370 596 414 687 380 650 363 630 354 616 395 696 365 667 353 654 348 643 
427 720 445 692 457 658 466 631 472 611 449 660 456 625 461 600 464 583 433 674 404 636 384 613 369 598 413 687 379 650 362 631 352 617 394 696 365 668 353 655 347 643 
424 720 443 691 457 657 463 630 465 610 447 660 457 627 462 603 465 587 432 675 403 638 383 614 368 599 412 688 377 651 361 631 352 617 393 697 363 669 352 655 347 643 
421 718 442 691 457 656 467 629 471 609 447 661 456 627 461 604 464 588 431 676 403 637 383 614 367 599 411 688 377 651 362 631 352 617 392 696 363 668 352 655 347 645 
420 716 442 690 458 657 466 631 471 611 448 661 455 630 460 609 464 593 431 676 403 638 384 614 369 598 411 688 377 651 362 631 352 616 393 696 365 669 353 656 348 645 
423 715 444 688 459 655 466 629 468 609 449 661 457 628 462 604 465 587 432 676 404 637 383 612 368 596 412 689 378 651 362 631 353 617 393 697 365 669 354 655 348 644 
426 718 446 691 460 657 466 629 467 609 448 662 457 631 462 610 464 594 431 677 404 638 384 614 369 598 411 689 378 651 362 631 353 616 394 697 366 669 354 655 349 643 
424 718 443 690 458 656 468 630 473 610 448 663 457 630 462 606 464 590 432 678 405 640 385 616 369 600 412 690 379 653 363 633 353 619 394 698 366 671 354 657 348 645 
424 718 444 691 460 657 468 630 471 610 449 662 457 630 461 608 464 592 433 676 405 639 385 616 370 601 414 689 380 653 364 633 354 618 396 698 367 671 355 658 349 645 
422 719 443 693 458 661 465 636 471 617 448 664 458 635 464 613 468 597 432 679 405 640 385 616 371 600 413 691 379 654 363 633 353 617 395 698 367 672 355 658 348 646 
423 719 443 693 457 661 465 636 472 618 447 663 456 635 463 612 468 595 431 678 405 639 386 615 372 598 412 690 380 653 364 633 354 618 394 699 367 672 355 658 348 646 
422 716 441 690 457 658 467 634 475 615 446 663 455 635 462 612 467 596 430 678 405 640 386 615 371 598 411 690 380 653 364 632 354 618 394 698 366 672 354 658 347 646 
421 716 441 690 455 658 462 632 468 614 444 662 454 635 461 615 466 598 428 677 402 639 382 614 367 598 409 689 376 653 361 633 350 618 392 698 365 672 353 659 346 648 
422 718 441 692 454 658 462 633 468 613 444 661 453 631 460 608 465 592 428 676 402 639 382 614 367 598 409 689 376 653 360 633 350 619 391 698 364 672 352 658 346 647 
419 718 439 691 454 657 465 632 473 612 444 662 455 632 461 609 464 592 428 677 402 640 382 615 366 599 409 689 377 653 362 633 351 619 392 698 364 672 352 658 345 647 
423 719 443 692 457 658 464 631 468 611 445 663 454 634 459 614 463 599 428 677 401 639 383 615 368 600 409 689 376 652 361 632 351 618 392 698 364 670 353 657 346 645 
423 719 445 692 458 658 467 632 475 612 448 662 459 627 465 603 467 585 432 677 407 638 387 613 371 598 413 690 380 651 364 630 354 616 394 698 365 669 355 655 350 644 
425 718 445 690 457 656 461 629 462 609 449 662 459 634 465 613 469 598 434 676 406 638 386 614 371 598 414 688 380 651 365 631 355 617 395 696 366 669 355 656 349 645 
426 718 447 690 459 656 465 629 469 610 449 661 460 629 466 605 469 588 434 676 406 637 387 612 372 597 414 689 380 650 365 630 356 617 396 697 366 668 355 655 350 644 
425 718 445 691 458 658 464 632 468 612 447 662 458 630 464 608 467 592 431 676 405 637 386 613 371 597 412 688 379 651 364 631 355 617 394 696 365 669 354 655 349 644 
421 718 442 691 457 657 466 631 472 610 447 662 458 628 464 605 467 587 432 677 406 638 386 613 370 597 412 689 380 651 364 631 354 617 393 697 366 670 355 656 349 644 
423 716 443 689 458 657 466 631 471 612 449 661 457 629 462 606 466 589 432 676 405 638 385 613 369 597 412 688 379 651 363 631 353 618 394 696 366 669 354 656 348 644 
423 717 443 690 456 656 464 629 469 610 446 662 454 634 460 614 465 599 430 676 405 640 386 615 370 598 411 689 379 654 363 633 352 618 393 698 366 672 354 658 347 645 
423 719 443 692 457 658 464 631 468 612 444 664 451 638 458 619 464 605 428 679 401 642 381 618 366 602 409 692 376 656 360 635 350 620 391 701 363 675 352 661 346 649 
426 723 444 693 457 659 466 631 471 611 445 663 454 632 460 610 465 594 430 679 401 641 382 617 367 601 411 692 377 655 360 635 350 621 393 701 363 673 352 660 346 648 
426 725 444 696 457 660 463 633 466 612 447 662 456 627 461 602 463 584 432 678 402 640 382 616 367 601 412 692 378 654 361 634 351 620 393 701 364 672 353 659 347 648 
425 724 443 694 457 658 466 630 472 610 447 662 453 628 459 604 463 588 431 678 403 639 383 616 368 600 412 691 378 653 361 634 350 620 393 700 364 673 353 660 346 648 
428 720 446 690 459 655 465 628 467 608 447 662 454 633 460 612 463 596 431 678 403 641 383 617 369 601 411 691 377 655 361 635 352 621 393 700 363 673 352 659 346 648 
429 725 446 696 458 660 466 632 471 610 447 662 455 626 461 601 465 582 432 679 403 640 383 616 369 601 413 692 378 654 361 634 350 620 395 701 365 673 353 660 347 649 
428 726 445 696 457 661 465 633 470 612 447 662 455 628 462 603 467 585 432 678 403 639 383 615 369 600 413 692 378 655 362 634 352 620 395 702 364 673 354 660 348 649 
425 724 443 695 455 659 461 632 466 612 447 662 454 626 459 600 463 582 432 678 403 640 383 617 368 601 412 692 378 654 361 634 350 620 393 701 362 672 351 660 346 649 
424 723 444 693 456 656 461 629 464 608 445 661 453 626 459 601 464 582 430 678 400 641 380 617 365 601 410 692 375 655 358 634 349 620 392 701 361 672 349 658 343 646 
426 724 444 695 455 659 462 631 468 610 445 663 452 630 459 606 464 588 429 679 399 641 379 617 363 602 410 692 374 656 358 635 348 620 392 702 361 673 349 659 343 648 
426 727 443 696 455 659 461 631 466 609 443 663 452 632 459 610 465 593 428 679 399 641 380 618 366 602 410 693 375 656 359 635 348 620 393 702 362 674 351 661 345 649 
427 726 444 695 456 659 464 631 469 609 443 662 452 629 458 606 464 589 428 678 400 641 381 617 367 602 410 692 375 656 358 635 349 620 393 702 362 674 351 660 346 648 
428 727 445 696 457 658 464 629 468 607 446 661 454 625 460 600 466 581 430 678 400 640 380 616 367 601 412 692 376 655 359 635 350 620 395 702 363 673 352 661 347 649 
429 726 445 696 457 659 465 630 470 608 447 661 454 624 460 599 466 580 432 678 401 641 381 617 367 601 413 692 377 655 360 635 350 620 396 702 364 673 353 660 347 648 
429 728 446 699 456 663 458 636 459 617 450 662 459 626 466 601 471 583 436 678 406 640 386 616 372 601 417 692 382 654 365 634 355 620 398 701 367 672 356 659 349 647 
426 727 446 698 457 662 461 634 463 615 450 663 459 626 465 600 470 581 435 679 407 640 387 616 373 600 415 692 381 654 365 633 355 620 396 701 367 671 356 658 350 647 
426 726 445 696 455 659 459 631 459 613 451 663 459 626 465 600 469 581 436 679 406 640 386 616 372 601 415 692 381 653 365 634 355 621 396 702 367 672 356 660 351 650 
426 725 446 694 455 658 458 629 458 609 451 663 460 629 465 604 469 584 436 680 406 641 386 616 371 601 416 693 381 655 363 635 353 622 397 703 366 674 355 661 349 650 
424 725 444 695 453 660 454 632 453 613 448 667 458 642 465 624 471 607 434 683 405 648 385 624 369 607 415 696 379 660 362 640 351 626 396 705 365 678 353 665 346 653 
423 722 443 693 456 659 464 632 471 612 448 667 457 640 464 620 470 604 432 683 404 646 385 621 370 606 413 696 379 658 363 638 353 625 395 704 365 677 353 664 347 653 
425 720 445 689 456 656 460 629 463 610 449 664 458 640 466 622 472 606 435 681 408 645 388 621 372 605 416 694 381 658 364 638 353 624 398 703 367 678 355 665 347 653 
424 723 444 694 453 660 455 633 456 613 449 667 458 641 465 623 471 607 434 683 407 646 388 622 372 605 415 695 381 660 364 640 353 627 396 704 367 677 354 664 346 654 
426 722 445 693 455 660 456 634 455 615 448 666 458 641 465 621 471 605 434 682 407 646 387 621 371 604 415 695 381 659 363 640 352 627 398 704 367 678 354 665 347 654 
428 722 448 694 455 663 452 639 448 623 452 668 461 644 470 626 477 611 437 684 411 647 391 622 376 606 418 697 384 660 367 638 357 624 399 704 369 677 356 664 350 652 
431 720 451 694 457 663 453 641 447 628 452 669 462 647 470 628 478 612 437 685 412 647 393 621 378 604 418 697 385 660 369 639 359 626 399 705 370 678 358 665 351 654 
428 721 445 695 446 666 436 645 423 633 451 667 461 643 469 624 476 608 436 682 412 645 392 620 376 604 417 695 386 659 369 638 357 625 398 703 370 678 358 666 349 656 
430 717 449 692 458 662 461 640 464 625 450 667 458 641 466 621 473 606 435 682 410 646 391 620 375 603 417 695 385 660 368 640 357 626 400 704 372 679 359 667 350 656 
430 718 449 693 455 662 453 639 450 624 449 667 459 641 467 620 473 605 435 683 411 646 391 621 375 604 416 696 385 660 368 639 357 625 398 705 370 679 357 667 350 656 
429 719 447 693 452 663 446 640 439 626 449 667 459 643 467 623 475 608 435 682 411 644 391 619 377 603 416 695 384 658 367 636 355 622 397 703 369 677 356 664 348 652 
428 718 448 692 458 660 460 635 462 618 449 666 459 642 467 622 475 607 434 681 410 643 392 618 377 602 416 694 384 658 368 636 356 622 398 702 370 676 357 663 348 651 
425 717 446 692 453 662 449 639 443 625 450 663 462 636 470 614 476 597 436 679 412 641 391 616 375 599 417 692 385 656 368 635 358 622 398 701 369 676 357 663 349 652 
429 715 449 689 459 659 465 635 471 618 450 663 457 636 465 614 471 598 435 679 409 640 390 615 375 598 416 691 383 655 367 634 356 621 399 700 371 675 358 662 349 651 
428 717 446 691 453 660 452 637 451 619 449 662 460 634 468 612 474 595 436 678 410 640 390 614 374 598 418 692 384 655 367 635 356 622 399 701 369 674 357 662 349 652 
428 716 448 690 457 660 462 638 469 622 449 661 460 634 468 611 474 594 435 677 410 639 390 613 374 597 416 690 383 654 367 634 357 621 398 699 369 672 356 660 349 650 
431 714 450 689 460 659 468 636 477 620 451 660 462 632 470 610 477 593 437 675 413 635 394 610 379 594 418 688 387 651 371 631 359 617 400 697 372 670 359 658 351 646 
429 718 448 691 460 660 466 635 473 618 453 660 463 630 470 606 476 588 438 676 414 636 394 610 379 594 419 689 388 650 371 629 359 616 400 698 372 669 360 657 352 646 
428 717 448 691 458 660 463 636 466 618 453 656 461 624 469 601 475 584 437 670 412 630 393 605 378 590 418 683 386 645 370 626 359 614 399 693 372 665 360 653 353 643 
430 718 449 691 459 658 463 631 462 613 454 655 464 621 471 597 475 579 439 669 412 628 393 603 379 587 419 682 387 644 370 625 360 613 400 691 373 663 361 652 354 643 
430 718 450 689 461 655 466 628 467 608 454 654 463 619 470 595 475 578 439 668 412 626 393 601 379 586 419 680 386 641 370 622 359 610 400 689 373 661 361 650 354 641 
430 717 450 688 462 652 468 624 471 604 455 654 464 620 471 597 476 581 439 668 411 627 393 602 379 586 419 680 386 641 370 622 360 610 400 689 372 660 362 650 356 641 
432 721 451 693 463 657 469 628 473 606 456 657 466 622 472 599 476 582 440 670 414 628 396 604 382 589 421 681 389 643 373 625 362 613 402 690 375 663 364 652 357 643 
431 719 450 691 460 657 463 630 461 611 456 655 466 623 473 601 479 584 441 669 414 628 396 603 382 587 422 681 389 642 373 623 362 610 403 691 375 663 364 652 356 642 
430 720 450 691 463 657 470 629 474 608 456 657 466 626 474 604 480 588 441 669 416 628 399 603 385 587 421 681 390 642 374 623 364 611 402 690 375 661 364 650 357 641 
430 718 451 690 463 656 470 629 473 609 456 657 466 627 474 606 480 590 440 671 414 629 396 604 382 588 421 682 389 643 373 624 362 611 402 691 374 663 363 651 357 642 
428 718 448 691 458 658 461 632 460 612 454 659 465 631 473 610 479 593 439 672 414 631 395 606 380 589 420 684 388 645 371 625 361 613 400 692 372 663 361 652 354 643 
427 715 446 686 461 652 471 624 478 603 446 656 455 633 465 614 473 600 430 671 402 632 383 606 369 588 410 682 378 645 364 625 357 611 393 691 366 663 356 649 352 638 
433 722 449 691 461 654 471 625 479 603 448 655 455 618 462 592 468 573 431 670 399 629 380 605 367 590 413 683 377 645 362 625 354 610 396 693 367 664 357 651 351 640 
432 722 448 691 460 655 470 625 477 602 448 657 456 617 463 591 469 572 432 672 401 630 382 606 370 591 413 684 377 645 362 625 354 611 396 692 367 663 357 651 352 641 
436 719 451 688 463 650 471 621 475 598 450 651 457 615 464 591 470 573 434 666 403 625 384 602 371 588 415 679 381 642 366 623 357 610 399 689 370 661 359 649 354 640 
436 718 451 687 463 650 473 620 478 597 450 651 457 613 463 587 469 569 433 665 402 625 383 601 370 586 415 678 381 641 366 621 357 608 399 687 370 659 359 648 353 638 
439 717 453 686 465 649 475 619 481 596 451 649 459 610 466 585 473 567 435 663 405 621 386 598 374 582 417 675 383 637 369 618 360 604 401 684 371 655 362 643 357 634 
439 716 453 685 466 648 476 617 481 594 453 649 461 609 468 584 474 565 436 662 406 621 388 598 376 583 418 674 384 637 370 618 361 605 402 683 373 655 363 644 357 634 
442 715 456 684 469 647 479 617 484 594 456 649 463 610 470 586 477 568 440 662 410 620 392 596 380 581 422 673 389 635 374 615 365 601 405 682 377 653 366 641 359 631 
444 714 458 684 470 646 480 616 486 593 457 647 466 609 473 585 480 566 442 660 413 618 394 595 382 579 424 672 392 635 377 615 367 601 407 681 379 653 368 641 362 631 
445 712 460 681 472 643 481 612 485 589 459 644 469 607 477 583 483 565 443 657 416 615 397 590 384 574 425 669 393 631 378 610 369 596 407 678 380 649 369 637 363 628 
445 712 460 681 472 644 480 613 484 590 458 645 469 606 476 582 483 564 442 657 416 615 398 590 385 575 424 668 393 631 379 611 369 598 407 677 380 649 370 637 363 628 
445 713 459 682 471 644 479 613 484 590 459 646 468 607 475 583 482 565 444 659 416 617 398 592 385 576 425 670 393 633 378 613 369 599 407 680 380 651 369 640 362 630 
445 716 459 685 469 649 476 620 479 598 460 649 469 609 475 584 481 565 444 663 415 619 396 595 384 580 425 675 392 636 377 616 368 603 408 684 380 655 369 644 362 634 
444 716 458 685 471 648 479 617 484 594 459 649 468 611 475 587 482 569 443 662 413 619 396 595 384 580 425 673 391 635 377 615 368 603 408 682 378 653 368 642 363 633 
447 716 461 685 475 649 485 619 490 597 461 650 469 614 478 591 486 574 445 663 416 620 398 595 385 579 426 674 394 635 380 615 371 601 409 682 381 652 371 640 365 630 
448 715 463 685 477 649 488 620 494 598 463 650 473 612 481 589 489 572 446 661 417 618 400 593 388 577 427 672 396 633 383 612 374 597 410 680 385 651 374 638 368 628 
454 710 469 680 483 644 493 614 497 592 472 645 484 607 492 583 500 566 454 657 429 611 413 585 401 568 435 667 405 626 392 605 383 591 417 674 391 643 381 631 375 621 
453 709 470 679 483 643 492 612 497 590 470 644 482 607 491 584 498 566 454 655 429 612 412 586 400 569 434 665 406 626 392 605 383 590 417 674 392 644 381 631 375 620 
451 712 467 682 480 646 489 617 495 594 467 647 479 610 487 587 495 570 450 659 425 616 408 591 396 575 431 670 401 629 387 609 378 595 414 678 388 648 377 636 371 625 
451 711 466 682 479 646 488 616 494 593 466 646 478 608 486 584 494 566 450 659 424 615 407 589 394 572 431 669 400 629 386 608 377 593 413 678 387 647 377 634 371 623 
451 710 466 681 479 645 488 615 494 593 465 644 475 607 484 584 492 566 448 656 422 613 405 588 392 571 429 667 399 629 385 608 376 593 412 677 387 647 376 635 369 624 
451 711 466 682 479 646 489 616 495 593 465 646 475 607 483 582 491 564 449 658 422 614 405 589 392 572 430 669 400 630 386 608 377 593 413 677 387 648 377 636 370 625 
452 713 466 683 480 646 489 616 495 594 466 647 476 608 484 583 492 565 450 659 423 615 406 590 393 573 431 670 401 631 386 609 377 595 414 678 387 648 377 636 371 625 
451 714 467 684 481 647 491 617 496 594 469 649 480 611 487 586 494 567 453 662 426 618 409 593 397 576 434 672 403 633 389 612 379 597 416 680 389 650 378 638 371 627 
454 715 470 685 484 648 492 619 498 597 471 650 482 616 492 595 500 578 455 662 428 618 412 593 400 577 436 671 405 631 391 611 383 598 418 679 390 649 380 637 374 627 
461 710 476 682 480 650 472 625 456 610 483 643 498 606 506 582 513 563 467 655 444 609 427 584 415 567 447 665 418 624 403 604 395 592 426 673 402 642 391 631 385 622 
459 710 476 680 481 649 471 625 456 611 484 641 499 603 506 579 511 561 469 654 445 608 427 582 414 567 448 664 419 622 403 603 394 591 428 673 403 641 392 629 386 621 
456 714 473 684 478 654 468 631 452 617 484 646 499 608 507 584 512 565 468 657 447 611 431 586 419 570 447 666 420 625 404 605 395 593 427 674 403 644 392 632 385 622 
454 716 472 686 477 655 466 631 449 618 482 648 497 612 506 589 512 572 466 658 446 612 430 587 419 570 445 667 419 626 404 606 394 593 425 675 401 645 391 633 385 623 
450 715 469 685 479 652 481 625 479 606 477 649 490 614 499 591 506 575 460 660 438 616 422 590 409 574 439 671 411 630 397 609 388 597 419 679 395 648 385 636 378 626 
449 716 468 687 476 656 470 632 458 618 476 649 492 613 499 590 504 573 461 661 439 617 422 591 410 575 440 672 412 629 396 609 387 597 420 680 394 649 383 637 377 627 
446 718 466 688 476 655 474 629 466 612 473 652 487 621 497 601 504 585 457 663 434 618 418 592 406 576 436 673 407 631 394 610 385 598 416 680 392 650 382 637 377 626 
446 715 465 686 476 653 479 627 479 609 471 650 486 617 494 596 501 580 456 662 434 618 417 593 405 576 435 673 407 630 393 611 384 598 416 682 391 649 380 637 374 627 
442 717 461 690 471 658 472 632 467 615 468 653 481 619 491 597 498 580 451 664 429 620 413 594 402 577 430 674 403 633 389 613 380 600 411 682 387 652 376 640 370 630 
441 718 461 690 472 656 474 630 471 611 467 653 481 620 490 599 496 584 451 665 429 620 413 595 401 579 431 675 402 633 388 613 379 600 412 684 387 653 376 641 371 631 
439 717 459 689 474 655 481 627 485 606 467 652 481 619 490 596 498 580 451 664 429 621 413 596 401 579 431 676 403 635 389 614 380 601 412 684 387 654 377 641 371 630 
444 720 465 691 480 655 488 626 496 605 470 655 484 622 493 600 499 585 453 667 431 622 416 597 404 580 433 676 404 635 391 615 383 602 414 684 389 653 378 640 372 630 
443 720 463 692 475 658 479 630 482 610 469 654 483 622 493 601 501 585 454 666 432 623 415 598 403 581 434 677 405 635 391 614 382 602 414 685 388 652 378 639 372 630 
443 718 464 690 479 654 488 625 497 604 469 653 483 620 492 598 500 582 453 666 430 621 414 596 403 581 433 677 404 635 390 614 381 601 415 685 389 654 378 642 373 632 
443 720 463 692 479 656 488 628 496 607 470 655 483 624 492 604 499 589 453 666 430 623 415 598 403 581 433 677 404 636 390 616 381 602 414 686 389 655 378 642 371 630 
445 719 465 690 478 657 483 630 488 610 472 654 486 623 496 602 504 586 457 667 434 623 418 598 406 582 437 678 407 634 392 614 384 602 417 686 390 652 380 640 375 631 
445 718 466 690 481 654 490 626 500 606 472 654 486 623 496 602 503 586 456 666 434 623 419 598 407 582 436 677 407 636 393 616 384 603 417 685 391 655 381 643 374 632 
445 719 465 691 478 657 485 630 489 609 471 654 484 624 494 603 501 587 455 667 433 624 417 599 405 582 435 678 406 637 391 616 381 603 416 686 390 656 379 643 372 633 
445 719 465 690 478 656 483 629 486 609 471 653 486 622 496 602 503 586 455 666 433 623 417 598 404 581 435 677 406 636 392 617 382 604 416 686 390 656 379 643 373 632 
446 720 465 691 478 656 486 628 493 607 471 654 485 622 494 600 502 584 455 667 432 623 416 598 404 581 435 678 405 636 391 616 382 603 416 686 389 655 378 642 372 632 
446 718 465 689 480 653 489 625 497 603 471 652 484 620 493 598 501 582 455 665 431 622 415 597 402 582 435 677 405 634 390 614 381 602 416 685 389 653 378 641 372 631 
444 719 464 691 477 657 481 629 483 609 471 653 485 619 494 597 501 581 456 665 432 622 415 596 403 580 436 676 406 635 391 615 381 602 417 685 390 655 379 643 372 632 
444 721 465 693 477 659 480 631 482 611 472 657 485 624 494 602 501 586 456 669 433 625 418 600 406 584 436 679 407 638 392 618 383 605 416 687 391 657 380 644 374 633 
442 722 463 694 474 662 475 635 471 617 472 658 485 626 495 606 502 590 457 670 433 627 417 601 405 585 436 681 406 639 392 618 382 605 416 689 389 657 379 644 373 633 
442 722 464 694 475 662 477 635 475 616 471 659 484 630 493 611 500 596 456 671 432 628 416 603 403 587 435 681 406 640 391 620 382 608 416 689 390 658 379 646 373 636 
442 720 463 693 475 661 478 635 478 617 471 657 484 628 494 607 501 592 455 669 433 628 417 602 404 586 435 680 406 640 391 620 380 608 416 689 389 659 378 647 370 636 
441 718 462 690 473 657 475 631 474 612 468 656 480 631 489 612 497 597 452 669 428 626 411 600 398 583 432 679 401 639 386 619 377 607 413 688 386 657 374 645 368 635 
442 716 463 690 477 655 484 629 489 610 468 655 480 628 489 608 496 593 453 668 429 627 412 601 398 585 433 679 403 639 387 619 377 606 414 688 386 658 375 646 368 635 
445 719 464 693 474 660 474 635 471 618 471 655 483 627 493 607 500 591 456 667 433 625 416 599 402 583 436 678 406 638 390 618 379 605 416 686 390 656 378 644 370 634 
447 717 467 689 477 657 479 631 478 613 472 654 484 626 494 606 501 590 456 666 433 625 416 599 402 583 436 677 407 637 391 617 380 605 416 686 390 656 379 644 372 633 
448 718 467 690 476 657 477 632 475 614 472 654 484 626 493 607 500 591 456 666 433 625 416 600 403 584 437 677 407 637 391 617 380 604 417 686 390 656 378 643 371 633 
448 719 468 692 473 661 466 637 453 623 473 654 486 627 495 607 502 590 458 667 434 626 416 601 403 584 438 678 407 638 391 618 381 607 418 686 390 655 378 643 372 634 
446 718 466 691 479 656 486 628 491 608 472 653 485 624 494 603 501 587 457 666 434 624 417 599 403 583 438 677 408 638 392 618 381 606 419 687 391 658 380 645 372 634 
442 725 461 697 465 668 456 644 442 630 470 661 483 630 491 610 497 593 455 674 432 630 415 605 401 588 435 684 405 643 389 624 378 611 415 692 388 662 377 650 369 642 
440 726 460 699 467 667 460 643 449 628 472 663 484 632 492 611 498 595 457 676 434 634 416 608 403 592 437 687 407 647 390 627 378 614 416 695 389 665 377 653 370 643 
437 727 459 700 468 670 463 644 453 628 472 668 485 641 495 623 502 608 457 682 434 640 417 615 404 599 436 692 407 651 392 630 381 616 415 698 390 667 378 654 372 643 
439 725 463 699 471 669 468 643 461 627 472 670 484 644 494 626 502 610 457 683 435 641 418 614 404 597 436 693 407 651 392 630 382 616 416 698 390 667 378 653 370 643 
444 723 463 699 466 670 456 648 443 634 473 666 485 639 494 620 501 605 458 679 436 638 419 612 406 596 437 690 408 650 392 629 382 617 416 697 391 667 378 654 370 645 
441 726 461 701 464 671 454 648 439 634 471 667 484 640 493 621 500 605 456 680 436 640 418 614 404 597 436 690 407 650 391 630 381 616 415 697 388 666 376 653 369 642 
437 726 458 700 462 672 452 650 438 636 469 671 483 646 492 627 499 611 454 686 433 646 415 619 401 602 433 696 404 655 388 633 379 620 413 701 385 670 374 657 368 647 
438 722 462 698 469 670 463 647 453 632 470 673 482 652 492 634 499 618 454 688 432 648 414 620 400 603 433 697 403 656 388 634 379 620 413 702 386 671 375 657 369 646 
442 718 464 697 470 670 466 647 457 633 470 671 481 649 492 631 501 617 454 685 432 645 416 617 402 600 433 695 404 657 389 634 379 620 414 701 389 673 377 658 369 647 
440 718 460 696 466 668 460 645 451 631 467 671 479 649 490 632 499 618 451 684 432 646 415 620 402 602 431 694 402 657 387 634 376 618 411 699 386 671 374 656 367 643 
438 720 459 697 464 669 457 647 446 634 466 673 478 650 489 632 497 616 450 688 430 650 412 622 398 604 429 698 401 660 386 636 375 622 410 704 385 676 373 661 366 648 
437 719 459 696 468 667 467 644 463 629 465 672 477 651 488 634 498 620 449 687 429 650 412 622 399 604 429 697 400 661 385 637 375 622 409 703 385 676 373 661 365 648 
435 719 458 695 464 667 459 645 449 631 464 673 477 654 488 637 497 622 447 688 427 652 410 624 396 605 426 698 398 661 383 637 373 622 406 703 383 675 371 660 363 648 
435 719 456 696 462 668 457 646 450 631 462 673 474 651 485 633 493 618 445 688 426 650 408 623 394 604 425 698 398 661 382 638 372 623 406 704 382 676 370 661 362 648 
436 720 457 698 462 670 456 648 446 633 463 672 474 650 484 632 493 617 447 686 426 648 408 621 393 603 427 696 398 659 383 637 372 623 407 703 382 676 370 662 362 651 
435 719 455 696 459 668 449 646 437 632 463 671 474 649 484 631 492 616 447 685 425 648 406 622 392 604 426 696 397 660 381 638 372 624 407 703 381 675 369 661 362 649 
436 718 456 695 458 667 447 646 432 634 462 671 474 649 485 631 494 617 446 686 425 649 407 622 394 605 425 697 396 661 381 637 371 622 405 703 380 675 369 659 362 645 
436 721 457 697 461 669 455 646 446 633 461 672 472 651 484 633 493 618 445 687 423 651 405 623 391 605 425 698 395 662 380 639 370 625 406 705 380 678 368 662 361 650 
432 718 451 694 463 667 468 643 469 628 457 683 468 663 477 645 484 631 440 699 420 664 403 637 389 619 421 710 394 675 378 651 368 634 403 714 379 690 366 674 358 660 
430 711 450 687 464 662 473 639 478 623 453 687 448 671 441 665 436 662 434 705 413 671 398 646 386 627 415 715 389 680 376 657 368 639 398 717 374 695 363 677 356 660 
425 695 447 685 465 672 478 655 485 638 442 703 435 702 425 689 414 678 418 714 399 703 386 681 376 664 399 718 377 701 369 681 365 665 383 717 362 704 356 692 355 681 
419 714 440 704 459 689 473 664 487 645 446 717 446 699 439 684 431 670 419 723 405 706 389 683 379 665 397 725 381 708 367 686 360 668 379 723 365 710 356 693 352 679 
417 713 441 701 462 688 470 665 477 649 439 728 415 707 398 688 386 669 413 737 387 714 374 689 369 669 392 739 370 715 360 692 358 675 376 737 359 717 352 699 351 684 
422 694 441 690 457 688 465 678 470 671 431 730 409 710 393 695 383 681 407 738 384 717 372 698 366 682 389 741 369 717 361 699 358 684 376 739 359 721 353 705 351 693 
-1 -1 -1 -1 -1 -1 -1 -1 -1 -1 -1 -1 -1 -1 -1 -1 -1 -1 -1 -1 -1 -1 -1 -1 -1 -1 -1 -1 -1 -1 -1 -1 -1 -1 -1 -1 -1 -1 -1 -1 -1 -1 
-1 -1 -1 -1 -1 -1 -1 -1 -1 -1 -1 -1 -1 -1 -1 -1 -1 -1 -1 -1 -1 -1 -1 -1 -1 -1 -1 -1 -1 -1 -1 -1 -1 -1 -1 -1 -1 -1 -1 -1 -1 -1 
-1 -1 -1 -1 -1 -1 -1 -1 -1 -1 -1 -1 -1 -1 -1 -1 -1 -1 -1 -1 -1 -1 -1 -1 -1 -1 -1 -1 -1 -1 -1 -1 -1 -1 -1 -1 -1 -1 -1 -1 -1 -1 
-1 -1 -1 -1 -1 -1 -1 -1 -1 -1 -1 -1 -1 -1 -1 -1 -1 -1 -1 -1 -1 -1 -1 -1 -1 -1 -1 -1 -1 -1 -1 -1 -1 -1 -1 -1 -1 -1 -1 -1 -1 -1 
-1 -1 -1 -1 -1 -1 -1 -1 -1 -1 -1 -1 -1 -1 -1 -1 -1 -1 -1 -1 -1 -1 -1 -1 -1 -1 -1 -1 -1 -1 -1 -1 -1 -1 -1 -1 -1 -1 -1 -1 -1 -1 
-1 -1 -1 -1 -1 -1 -1 -1 -1 -1 -1 -1 -1 -1 -1 -1 -1 -1 -1 -1 -1 -1 -1 -1 -1 -1 -1 -1 -1 -1 -1 -1 -1 -1 -1 -1 -1 -1 -1 -1 -1 -1 
-1 -1 -1 -1 -1 -1 -1 -1 -1 -1 -1 -1 -1 -1 -1 -1 -1 -1 -1 -1 -1 -1 -1 -1 -1 -1 -1 -1 -1 -1 -1 -1 -1 -1 -1 -1 -1 -1 -1 -1 -1 -1 
-1 -1 -1 -1 -1 -1 -1 -1 -1 -1 -1 -1 -1 -1 -1 -1 -1 -1 -1 -1 -1 -1 -1 -1 -1 -1 -1 -1 -1 -1 -1 -1 -1 -1 -1 -1 -1 -1 -1 -1 -1 -1 
-1 -1 -1 -1 -1 -1 -1 -1 -1 -1 -1 -1 -1 -1 -1 -1 -1 -1 -1 -1 -1 -1 -1 -1 -1 -1 -1 -1 -1 -1 -1 -1 -1 -1 -1 -1 -1 -1 -1 -1 -1 -1 
-1 -1 -1 -1 -1 -1 -1 -1 -1 -1 -1 -1 -1 -1 -1 -1 -1 -1 -1 -1 -1 -1 -1 -1 -1 -1 -1 -1 -1 -1 -1 -1 -1 -1 -1 -1 -1 -1 -1 -1 -1 -1 
-1 -1 -1 -1 -1 -1 -1 -1 -1 -1 -1 -1 -1 -1 -1 -1 -1 -1 -1 -1 -1 -1 -1 -1 -1 -1 -1 -1 -1 -1 -1 -1 -1 -1 -1 -1 -1 -1 -1 -1 -1 -1 
-1 -1 -1 -1 -1 -1 -1 -1 -1 -1 -1 -1 -1 -1 -1 -1 -1 -1 -1 -1 -1 -1 -1 -1 -1 -1 -1 -1 -1 -1 -1 -1 -1 -1 -1 -1 -1 -1 -1 -1 -1 -1 
-1 -1 -1 -1 -1 -1 -1 -1 -1 -1 -1 -1 -1 -1 -1 -1 -1 -1 -1 -1 -1 -1 -1 -1 -1 -1 -1 -1 -1 -1 -1 -1 -1 -1 -1 -1 -1 -1 -1 -1 -1 -1 
-1 -1 -1 -1 -1 -1 -1 -1 -1 -1 -1 -1 -1 -1 -1 -1 -1 -1 -1 -1 -1 -1 -1 -1 -1 -1 -1 -1 -1 -1 -1 -1 -1 -1 -1 -1 -1 -1 -1 -1 -1 -1 
-1 -1 -1 -1 -1 -1 -1 -1 -1 -1 -1 -1 -1 -1 -1 -1 -1 -1 -1 -1 -1 -1 -1 -1 -1 -1 -1 -1 -1 -1 -1 -1 -1 -1 -1 -1 -1 -1 -1 -1 -1 -1 
-1 -1 -1 -1 -1 -1 -1 -1 -1 -1 -1 -1 -1 -1 -1 -1 -1 -1 -1 -1 -1 -1 -1 -1 -1 -1 -1 -1 -1 -1 -1 -1 -1 -1 -1 -1 -1 -1 -1 -1 -1 -1 
-1 -1 -1 -1 -1 -1 -1 -1 -1 -1 -1 -1 -1 -1 -1 -1 -1 -1 -1 -1 -1 -1 -1 -1 -1 -1 -1 -1 -1 -1 -1 -1 -1 -1 -1 -1 -1 -1 -1 -1 -1 -1 
-1 -1 -1 -1 -1 -1 -1 -1 -1 -1 -1 -1 -1 -1 -1 -1 -1 -1 -1 -1 -1 -1 -1 -1 -1 -1 -1 -1 -1 -1 -1 -1 -1 -1 -1 -1 -1 -1 -1 -1 -1 -1 
-1 -1 -1 -1 -1 -1 -1 -1 -1 -1 -1 -1 -1 -1 -1 -1 -1 -1 -1 -1 -1 -1 -1 -1 -1 -1 -1 -1 -1 -1 -1 -1 -1 -1 -1 -1 -1 -1 -1 -1 -1 -1 
-1 -1 -1 -1 -1 -1 -1 -1 -1 -1 -1 -1 -1 -1 -1 -1 -1 -1 -1 -1 -1 -1 -1 -1 -1 -1 -1 -1 -1 -1 -1 -1 -1 -1 -1 -1 -1 -1 -1 -1 -1 -1 
-1 -1 -1 -1 -1 -1 -1 -1 -1 -1 -1 -1 -1 -1 -1 -1 -1 -1 -1 -1 -1 -1 -1 -1 -1 -1 -1 -1 -1 -1 -1 -1 -1 -1 -1 -1 -1 -1 -1 -1 -1 -1 
-1 -1 -1 -1 -1 -1 -1 -1 -1 -1 -1 -1 -1 -1 -1 -1 -1 -1 -1 -1 -1 -1 -1 -1 -1 -1 -1 -1 -1 -1 -1 -1 -1 -1 -1 -1 -1 -1 -1 -1 -1 -1 
-1 -1 -1 -1 -1 -1 -1 -1 -1 -1 -1 -1 -1 -1 -1 -1 -1 -1 -1 -1 -1 -1 -1 -1 -1 -1 -1 -1 -1 -1 -1 -1 -1 -1 -1 -1 -1 -1 -1 -1 -1 -1 
-1 -1 -1 -1 -1 -1 -1 -1 -1 -1 -1 -1 -1 -1 -1 -1 -1 -1 -1 -1 -1 -1 -1 -1 -1 -1 -1 -1 -1 -1 -1 -1 -1 -1 -1 -1 -1 -1 -1 -1 -1 -1 
-1 -1 -1 -1 -1 -1 -1 -1 -1 -1 -1 -1 -1 -1 -1 -1 -1 -1 -1 -1 -1 -1 -1 -1 -1 -1 -1 -1 -1 -1 -1 -1 -1 -1 -1 -1 -1 -1 -1 -1 -1 -1 
-1 -1 -1 -1 -1 -1 -1 -1 -1 -1 -1 -1 -1 -1 -1 -1 -1 -1 -1 -1 -1 -1 -1 -1 -1 -1 -1 -1 -1 -1 -1 -1 -1 -1 -1 -1 -1 -1 -1 -1 -1 -1 
-1 -1 -1 -1 -1 -1 -1 -1 -1 -1 -1 -1 -1 -1 -1 -1 -1 -1 -1 -1 -1 -1 -1 -1 -1 -1 -1 -1 -1 -1 -1 -1 -1 -1 -1 -1 -1 -1 -1 -1 -1 -1 
-1 -1 -1 -1 -1 -1 -1 -1 -1 -1 -1 -1 -1 -1 -1 -1 -1 -1 -1 -1 -1 -1 -1 -1 -1 -1 -1 -1 -1 -1 -1 -1 -1 -1 -1 -1 -1 -1 -1 -1 -1 -1 
-1 -1 -1 -1 -1 -1 -1 -1 -1 -1 -1 -1 -1 -1 -1 -1 -1 -1 -1 -1 -1 -1 -1 -1 -1 -1 -1 -1 -1 -1 -1 -1 -1 -1 -1 -1 -1 -1 -1 -1 -1 -1 
-1 -1 -1 -1 -1 -1 -1 -1 -1 -1 -1 -1 -1 -1 -1 -1 -1 -1 -1 -1 -1 -1 -1 -1 -1 -1 -1 -1 -1 -1 -1 -1 -1 -1 -1 -1 -1 -1 -1 -1 -1 -1 
-1 -1 -1 -1 -1 -1 -1 -1 -1 -1 -1 -1 -1 -1 -1 -1 -1 -1 -1 -1 -1 -1 -1 -1 -1 -1 -1 -1 -1 -1 -1 -1 -1 -1 -1 -1 -1 -1 -1 -1 -1 -1 
-1 -1 -1 -1 -1 -1 -1 -1 -1 -1 -1 -1 -1 -1 -1 -1 -1 -1 -1 -1 -1 -1 -1 -1 -1 -1 -1 -1 -1 -1 -1 -1 -1 -1 -1 -1 -1 -1 -1 -1 -1 -1 
-1 -1 -1 -1 -1 -1 -1 -1 -1 -1 -1 -1 -1 -1 -1 -1 -1 -1 -1 -1 -1 -1 -1 -1 -1 -1 -1 -1 -1 -1 -1 -1 -1 -1 -1 -1 -1 -1 -1 -1 -1 -1 
-1 -1 -1 -1 -1 -1 -1 -1 -1 -1 -1 -1 -1 -1 -1 -1 -1 -1 -1 -1 -1 -1 -1 -1 -1 -1 -1 -1 -1 -1 -1 -1 -1 -1 -1 -1 -1 -1 -1 -1 -1 -1 
-1 -1 -1 -1 -1 -1 -1 -1 -1 -1 -1 -1 -1 -1 -1 -1 -1 -1 -1 -1 -1 -1 -1 -1 -1 -1 -1 -1 -1 -1 -1 -1 -1 -1 -1 -1 -1 -1 -1 -1 -1 -1 
-1 -1 -1 -1 -1 -1 -1 -1 -1 -1 -1 -1 -1 -1 -1 -1 -1 -1 -1 -1 -1 -1 -1 -1 -1 -1 -1 -1 -1 -1 -1 -1 -1 -1 -1 -1 -1 -1 -1 -1 -1 -1 
-1 -1 -1 -1 -1 -1 -1 -1 -1 -1 -1 -1 -1 -1 -1 -1 -1 -1 -1 -1 -1 -1 -1 -1 -1 -1 -1 -1 -1 -1 -1 -1 -1 -1 -1 -1 -1 -1 -1 -1 -1 -1 
-1 -1 -1 -1 -1 -1 -1 -1 -1 -1 -1 -1 -1 -1 -1 -1 -1 -1 -1 -1 -1 -1 -1 -1 -1 -1 -1 -1 -1 -1 -1 -1 -1 -1 -1 -1 -1 -1 -1 -1 -1 -1 
-1 -1 -1 -1 -1 -1 -1 -1 -1 -1 -1 -1 -1 -1 -1 -1 -1 -1 -1 -1 -1 -1 -1 -1 -1 -1 -1 -1 -1 -1 -1 -1 -1 -1 -1 -1 -1 -1 -1 -1 -1 -1 
-1 -1 -1 -1 -1 -1 -1 -1 -1 -1 -1 -1 -1 -1 -1 -1 -1 -1 -1 -1 -1 -1 -1 -1 -1 -1 -1 -1 -1 -1 -1 -1 -1 -1 -1 -1 -1 -1 -1 -1 -1 -1 
-1 -1 -1 -1 -1 -1 -1 -1 -1 -1 -1 -1 -1 -1 -1 -1 -1 -1 -1 -1 -1 -1 -1 -1 -1 -1 -1 -1 -1 -1 -1 -1 -1 -1 -1 -1 -1 -1 -1 -1 -1 -1 
-1 -1 -1 -1 -1 -1 -1 -1 -1 -1 -1 -1 -1 -1 -1 -1 -1 -1 -1 -1 -1 -1 -1 -1 -1 -1 -1 -1 -1 -1 -1 -1 -1 -1 -1 -1 -1 -1 -1 -1 -1 -1 
-1 -1 -1 -1 -1 -1 -1 -1 -1 -1 -1 -1 -1 -1 -1 -1 -1 -1 -1 -1 -1 -1 -1 -1 -1 -1 -1 -1 -1 -1 -1 -1 -1 -1 -1 -1 -1 -1 -1 -1 -1 -1 
-1 -1 -1 -1 -1 -1 -1 -1 -1 -1 -1 -1 -1 -1 -1 -1 -1 -1 -1 -1 -1 -1 -1 -1 -1 -1 -1 -1 -1 -1 -1 -1 -1 -1 -1 -1 -1 -1 -1 -1 -1 -1 
-1 -1 -1 -1 -1 -1 -1 -1 -1 -1 -1 -1 -1 -1 -1 -1 -1 -1 -1 -1 -1 -1 -1 -1 -1 -1 -1 -1 -1 -1 -1 -1 -1 -1 -1 -1 -1 -1 -1 -1 -1 -1 
-1 -1 -1 -1 -1 -1 -1 -1 -1 -1 -1 -1 -1 -1 -1 -1 -1 -1 -1 -1 -1 -1 -1 -1 -1 -1 -1 -1 -1 -1 -1 -1 -1 -1 -1 -1 -1 -1 -1 -1 -1 -1 
